[2025-04-02T10:22:45.175Z] [DEBUG] qase: Config: {"configDir":"C:\\Users\\User\\Desktop\\Automation\\ABStop","_mode":"test","_isTestServer":true,"_commandHash":"","debug":true,"mode":"testops","logging":true,"testops":{"api":{"token":"2b3****305b"},"project":"AUTOMATION","uploadAttachments":true,"run":{"complete":false,"title":"[KB] Stop A/B testing of LPs","description":"","id":"264"},"plan":{},"batch":{}},"frameworkPackage":"@playwright/test","frameworkName":"playwright","reporterName":"playwright-qase-reporter","report":{"connections":{"local":{}}}}
[2025-04-02T10:22:45.610Z] [DEBUG] qase: Host data: {"system":"win32","machineName":"DESKTOP-EFHMBBJ","release":"10.0.19043","version":"Microsoft Windows [Version 10.0.19043.1766]","arch":"x64","node":"v20.12.2","npm":"10.7.0","framework":"1.51.1","reporter":"2.0.17","commons":"2.2.19","apiClient":"2.4.3"}
[2025-04-02T10:22:46.460Z] [DEBUG] qase: Starting test run
[2025-04-02T10:23:32.825Z] [DEBUG] qase: Config: {"configDir":"C:\\Users\\User\\Desktop\\Automation\\ABStop","_mode":"test","_isTestServer":true,"_commandHash":"","debug":true,"mode":"testops","logging":true,"testops":{"api":{"token":"2b3****305b"},"project":"AUTOMATION","uploadAttachments":true,"run":{"complete":false,"title":"[KB] Stop A/B testing of LPs","description":"","id":"264"},"plan":{},"batch":{}},"frameworkPackage":"@playwright/test","frameworkName":"playwright","reporterName":"playwright-qase-reporter","report":{"connections":{"local":{}}}}
[2025-04-02T10:23:33.263Z] [DEBUG] qase: Host data: {"system":"win32","machineName":"DESKTOP-EFHMBBJ","release":"10.0.19043","version":"Microsoft Windows [Version 10.0.19043.1766]","arch":"x64","node":"v20.12.2","npm":"10.7.0","framework":"1.51.1","reporter":"2.0.17","commons":"2.2.19","apiClient":"2.4.3"}
[2025-04-02T10:23:34.125Z] [DEBUG] qase: Starting test run
[2025-04-02T10:24:05.201Z] [INFO] qase: [31mTest https://www.kingbillycasino1.com/land/kings_welcome_pack and Australia - Brisbane failed[39m
[2025-04-02T10:24:05.201Z] [INFO] qase: [34mSee why this test failed: https://app.qase.io/run/AUTOMATION/dashboard/264?source=logs&status=%5B2%5D&search=https://www.kingbillycasino1.com/land/kings_welcome_pack%20and%20Australia%20-%20Brisbane[39m
[2025-04-02T10:24:05.202Z] [DEBUG] qase: Adding test result: {"attachments":[{"content":"","file_name":"trace.zip","file_path":"C:\\Users\\User\\Desktop\\Automation\\ABStop\\test-results\\example-Stop-A-B-https-www-05315-ck-and-Australia---Brisbane-chromium\\trace.zip","mime_type":"application/zip","size":0,"id":"c24b19f1-4b62-471a-a01e-1e548b58051f"}],"author":null,"execution":{"status":"failed","start_time":1743589414.956,"end_time":null,"duration":30053,"stacktrace":"    ReferenceError: status is not defined\n        at C:\\Users\\User\\Desktop\\Automation\\ABStop\\tests\\example.spec.ts:140:31\n--- End of stack trace ---\n    ReferenceError: status is not defined\n        at C:\\Users\\User\\Desktop\\Automation\\ABStop\\tests\\example.spec.ts:140:31\n--- End of stack trace ---\n    ReferenceError: status is not defined\n        at C:\\Users\\User\\Desktop\\Automation\\ABStop\\tests\\example.spec.ts:140:31\n--- End of stack trace ---\n    ReferenceError: status is not defined\n        at C:\\Users\\User\\Desktop\\Automation\\ABStop\\tests\\example.spec.ts:140:31\n--- End of stack trace ---\n    \u001b[31mTest timeout of 30000ms exceeded while running \"beforeEach\" hook.\u001b[39m\n        at C:\\Users\\User\\Desktop\\Automation\\ABStop\\tests\\example.spec.ts:119:18\n--- End of stack trace ---\n","thread":"0"},"fields":{},"id":"89c4036a-a602-49bf-a2ae-fc4cf43e47ab","message":"CompoundError: One or more errors occurred. ---\nReferenceError: status is not defined\n--- End of error message ---\nReferenceError: status is not defined\n--- End of error message ---\nReferenceError: status is not defined\n--- End of error message ---\nReferenceError: status is not defined\n--- End of error message ---\n\u001b[31mTest timeout of 30000ms exceeded while running \"beforeEach\" hook.\u001b[39m\n--- End of error message ---\n","muted":false,"params":{},"group_params":{},"relations":{"suite":{"data":[{"title":"chromium","public_id":null},{"title":"example.spec.ts","public_id":null},{"title":"Stop A/B","public_id":null}]}},"run_id":null,"signature":"chromium::example.spec.ts::stop_a::b::https:::/www.kingbillycasino1.com/land/kings_welcome_pack_and_australia_-_brisbane","steps":[{"id":"0f33220e-5ced-421b-bcf4-0eb69d68f14b","step_type":"text","data":{"action":"Before Hooks","expected_result":null,"data":null},"parent_id":null,"execution":{"status":"failed","start_time":1743589414.96,"duration":30116,"end_time":null},"attachments":[],"steps":[{"id":"86749cd6-f466-4bfa-8737-eee5f1a121b5","step_type":"text","data":{"action":"beforeEach hook","expected_result":null,"data":null},"parent_id":"0f33220e-5ced-421b-bcf4-0eb69d68f14b","execution":{"status":"failed","start_time":1743589414.96,"duration":2599,"end_time":null},"attachments":[],"steps":[]},{"id":"09a2b427-f855-463b-8f0a-f679ecc8b4fb","step_type":"text","data":{"action":"beforeEach hook","expected_result":null,"data":null},"parent_id":"0f33220e-5ced-421b-bcf4-0eb69d68f14b","execution":{"status":"failed","start_time":1743589417.559,"duration":6824,"end_time":null},"attachments":[],"steps":[]},{"id":"eed761f4-c92c-489c-b100-7e9f90801746","step_type":"text","data":{"action":"beforeEach hook","expected_result":null,"data":null},"parent_id":"0f33220e-5ced-421b-bcf4-0eb69d68f14b","execution":{"status":"failed","start_time":1743589424.383,"duration":7557,"end_time":null},"attachments":[],"steps":[]},{"id":"6819341d-7103-45b9-9f3b-8573d3187f8f","step_type":"text","data":{"action":"beforeEach hook","expected_result":null,"data":null},"parent_id":"0f33220e-5ced-421b-bcf4-0eb69d68f14b","execution":{"status":"failed","start_time":1743589431.941,"duration":8014,"end_time":null},"attachments":[],"steps":[]},{"id":"6e456fb7-c9b4-46ea-b013-13ecd52a6777","step_type":"text","data":{"action":"beforeEach hook","expected_result":null,"data":null},"parent_id":"0f33220e-5ced-421b-bcf4-0eb69d68f14b","execution":{"status":"failed","start_time":1743589439.955,"duration":5121,"end_time":null},"attachments":[],"steps":[]}]}],"testops_id":null,"title":"https://www.kingbillycasino1.com/land/kings_welcome_pack and Australia - Brisbane"}
[2025-04-02T10:29:51.493Z] [DEBUG] qase: Config: {"configDir":"C:\\Users\\User\\Desktop\\Automation\\ABStop","_mode":"test","_isTestServer":true,"_commandHash":"","debug":true,"mode":"testops","logging":true,"testops":{"api":{"token":"2b3****305b"},"project":"AUTOMATION","uploadAttachments":true,"run":{"complete":false,"title":"[KB] Stop A/B testing of LPs","description":"","id":"264"},"plan":{},"batch":{}},"frameworkPackage":"@playwright/test","frameworkName":"playwright","reporterName":"playwright-qase-reporter","report":{"connections":{"local":{}}}}
[2025-04-02T10:29:51.936Z] [DEBUG] qase: Host data: {"system":"win32","machineName":"DESKTOP-EFHMBBJ","release":"10.0.19043","version":"Microsoft Windows [Version 10.0.19043.1766]","arch":"x64","node":"v20.12.2","npm":"10.7.0","framework":"1.51.1","reporter":"2.0.17","commons":"2.2.19","apiClient":"2.4.3"}
[2025-04-02T10:29:52.772Z] [DEBUG] qase: Starting test run
[2025-04-02T10:30:11.526Z] [INFO] qase: [31mTest https://www.kingbillycasino1.com/land/kings_welcome_pack and Australia - Brisbane failed[39m
[2025-04-02T10:30:11.526Z] [INFO] qase: [34mSee why this test failed: https://app.qase.io/run/AUTOMATION/dashboard/264?source=logs&status=%5B2%5D&search=https://www.kingbillycasino1.com/land/kings_welcome_pack%20and%20Australia%20-%20Brisbane[39m
[2025-04-02T10:30:11.528Z] [DEBUG] qase: Adding test result: {"attachments":[{"content":{"type":"Buffer","data":[35,32,73,110,115,116,114,117,99,116,105,111,110,115,10,10,45,32,70,111,108,108,111,119,105,110,103,32,80,108,97,121,119,114,105,103,104,116,32,116,101,115,116,32,102,97,105,108,101,100,46,10,45,32,69,120,112,108,97,105,110,32,119,104,121,44,32,98,101,32,99,111,110,99,105,115,101,44,32,114,101,115,112,101,99,116,32,80,108,97,121,119,114,105,103,104,116,32,98,101,115,116,32,112,114,97,99,116,105,99,101,115,46,10,45,32,80,114,111,118,105,100,101,32,97,32,115,110,105,112,112,101,116,32,111,102,32,99,111,100,101,32,119,105,116,104,32,116,104,101,32,102,105,120,44,32,105,102,32,112,111,115,115,105,98,108,101,46,10,10,35,32,84,101,115,116,32,105,110,102,111,10,10,45,32,78,97,109,101,58,32,83,116,111,112,32,65,47,66,32,62,62,32,104,116,116,112,115,58,47,47,119,119,119,46,107,105,110,103,98,105,108,108,121,99,97,115,105,110,111,49,46,99,111,109,47,108,97,110,100,47,107,105,110,103,115,95,119,101,108,99,111,109,101,95,112,97,99,107,32,97,110,100,32,65,117,115,116,114,97,108,105,97,32,45,32,66,114,105,115,98,97,110,101,10,45,32,76,111,99,97,116,105,111,110,58,32,67,58,92,85,115,101,114,115,92,85,115,101,114,92,68,101,115,107,116,111,112,92,65,117,116,111,109,97,116,105,111,110,92,65,66,83,116,111,112,92,116,101,115,116,115,92,101,120,97,109,112,108,101,46,115,112,101,99,46,116,115,58,49,53,50,58,49,55,10,10,35,32,69,114,114,111,114,32,100,101,116,97,105,108,115,10,10,96,96,96,10,69,114,114,111,114,58,32,101,120,112,101,99,116,40,114,101,99,101,105,118,101,100,41,46,116,111,69,113,117,97,108,40,101,120,112,101,99,116,101,100,41,32,47,47,32,100,101,101,112,32,101,113,117,97,108,105,116,121,10,10,69,120,112,101,99,116,101,100,58,32,34,104,116,116,112,115,58,47,47,119,119,119,46,107,105,110,103,98,105,108,108,121,99,97,115,105,110,111,49,46,99,111,109,47,108,97,110,100,47,107,105,110,103,115,95,119,101,108,99,111,109,101,95,112,97,99,107,34,10,82,101,99,101,105,118,101,100,58,32,34,104,116,116,112,115,58,47,47,119,119,119,46,107,105,110,103,98,105,108,108,121,99,97,115,105,110,111,49,46,99,111,109,47,108,97,110,100,47,101,110,45,65,85,47,107,105,110,103,115,95,119,101,108,99,111,109,101,95,112,97,99,107,95,52,34,10,32,32,32,32,97,116,32,67,58,92,85,115,101,114,115,92,85,115,101,114,92,68,101,115,107,116,111,112,92,65,117,116,111,109,97,116,105,111,110,92,65,66,83,116,111,112,92,116,101,115,116,115,92,101,120,97,109,112,108,101,46,115,112,101,99,46,116,115,58,49,54,56,58,51,52,10,96,96,96,10,10,35,32,80,97,103,101,32,115,110,97,112,115,104,111,116,10,10,96,96,96,121,97,109,108,10,45,32,98,117,116,116,111,110,32,34,97,117,34,10,45,32,108,105,110,107,32,34,101,110,34,10,45,32,108,105,110,107,32,34,100,101,34,10,45,32,108,105,110,107,32,34,99,97,34,10,45,32,108,105,110,107,32,34,110,122,34,10,45,32,108,105,110,107,32,34,110,111,34,10,45,32,105,109,103,32,34,111,102,102,101,114,34,10,45,32,108,105,110,107,32,34,76,111,103,111,34,58,10,32,32,45,32,105,109,103,32,34,76,111,103,111,34,10,45,32,98,117,116,116,111,110,32,34,71,69,84,32,73,84,32,78,79,87,34,10,45,32,116,101,120,116,58,32,48,49,32,114,101,103,105,115,116,101,114,32,84,111,32,98,101,99,111,109,101,32,97,32,75,105,110,103,100,111,109,32,67,105,116,105,122,101,110,32,48,50,32,100,101,112,111,115,105,116,32,70,114,111,109,32,65,36,51,48,32,115,97,102,101,108,121,32,97,110,100,32,104,97,115,115,108,101,45,102,114,101,101,32,48,51,32,80,108,97,121,32,84,104,111,117,115,97,110,100,115,32,111,102,32,106,97,119,45,100,114,111,112,112,105,110,103,32,103,97,109,101,115,32,77,111,114,101,32,105,110,102,111,32,226,134,147,32,84,111,112,32,87,105,110,110,101,114,115,32,36,51,48,54,44,49,50,48,46,48,48,10,45,32,116,101,120,116,98,111,120,32,34,107,97,114,108,34,10,45,32,116,101,120,116,58,32,105,110,10,45,32,116,101,120,116,98,111,120,32,34,71,111,108,100,32,82,117,115,104,32,119,105,116,104,32,74,111,104,110,110,121,32,67,97,115,104,34,10,45,32,116,101,120,116,58,32,115,111,102,116,115,119,105,115,115,32,36,50,48,52,44,51,57,56,46,56,48,10,45,32,116,101,120,116,98,111,120,32,34,110,111,112,108,34,10,45,32,116,101,120,116,58,32,105,110,10,45,32,116,101,120,116,98,111,120,32,34,68,101,97,100,32,111,114,32,65,108,105,118,101,32,50,34,10,45,32,116,101,120,116,58,32,110,101,116,101,110,116,32,36,49,57,49,44,50,50,48,46,48,48,10,45,32,116,101,120,116,98,111,120,32,34,70,97,100,105,34,10,45,32,116,101,120,116,58,32,105,110,10,45,32,39,116,101,120,116,98,111,120,32,34,80,111,119,101,114,32,111,102,32,71,111,100,115,58,32,72,97,100,101,115,34,39,10,45,32,116,101,120,116,58,32,119,97,122,100,97,110,32,226,130,172,49,48,48,44,55,52,48,46,48,48,10,45,32,116,101,120,116,98,111,120,32,34,105,111,97,110,110,105,115,34,10,45,32,116,101,120,116,58,32,105,110,10,45,32,116,101,120,116,98,111,120,32,34,66,111,111,107,32,111,102,32,68,101,97,100,34,10,45,32,116,101,120,116,58,32,112,108,97,121,110,103,111,32,50,46,55,48,53,57,48,48,48,48,32,66,84,67,10,45,32,116,101,120,116,98,111,120,32,34,80,108,97,121,101,114,34,10,45,32,116,101,120,116,58,32,105,110,10,45,32,116,101,120,116,98,111,120,32,34,71,111,108,100,32,77,97,110,105,97,34,10,45,32,116,101,120,116,58,32,103,97,109,122,105,120,32,36,49,52,48,44,52,49,50,46,48,48,10,45,32,116,101,120,116,98,111,120,32,34,70,97,100,105,34,10,45,32,116,101,120,116,58,32,105,110,10,45,32,116,101,120,116,98,111,120,32,34,71,114,101,116,97,32,71,111,101,115,32,87,105,108,100,34,10,45,32,116,101,120,116,58,32,105,115,111,102,116,98,101,116,32,226,130,172,56,53,44,48,49,55,46,48,48,10,45,32,116,101,120,116,98,111,120,32,34,80,101,116,114,111,115,34,10,45,32,116,101,120,116,58,32,105,110,10,45,32,116,101,120,116,98,111,120,32,34,67,114,97,122,121,32,84,105,109,101,34,10,45,32,116,101,120,116,58,32,101,118,111,108,117,116,105,111,110,32,36,49,51,53,44,48,48,48,46,48,48,10,45,32,116,101,120,116,98,111,120,32,34,75,111,115,107,101,34,10,45,32,116,101,120,116,58,32,105,110,10,45,32,116,101,120,116,98,111,120,32,34,70,108,111,97,116,105,110,103,32,68,114,97,103,111,110,34,10,45,32,116,101,120,116,58,32,112,114,97,103,109,97,116,105,99,101,120,116,101,114,110,97,108,32,50,46,48,52,53,48,48,48,48,48,32,66,84,67,10,45,32,116,101,120,116,98,111,120,32,34,77,105,108,111,34,10,45,32,116,101,120,116,58,32,105,110,10,45,32,116,101,120,116,98,111,120,32,34,65,115,103,97,114,100,105,97,110,32,71,111,100,34,10,45,32,116,101,120,116,58,32,103,97,109,101,98,101,97,116,32,226,130,172,55,53,44,50,53,48,46,48,48,10,45,32,116,101,120,116,98,111,120,32,34,67,108,97,105,114,101,34,10,45,32,116,101,120,116,58,32,105,110,10,45,32,116,101,120,116,98,111,120,32,34,67,114,97,122,121,32,84,105,109,101,34,10,45,32,116,101,120,116,58,32,101,118,111,108,117,116,105,111,110,32,226,130,172,55,51,44,49,51,54,46,48,48,10,45,32,116,101,120,116,98,111,120,32,34,65,108,105,115,56,51,34,10,45,32,116,101,120,116,58,32,105,110,10,45,32,116,101,120,116,98,111,120,32,34,69,108,118,105,115,32,70,114,111,103,32,84,82,85,69,87,65,89,83,34,10,45,32,116,101,120,116,58,32,115,111,102,116,115,119,105,115,115,32,36,49,49,54,44,54,48,50,46,53,48,10,45,32,116,101,120,116,98,111,120,32,34,76,105,115,97,108,101,103,115,34,10,45,32,116,101,120,116,58,32,105,110,10,45,32,116,101,120,116,98,111,120,32,34,66,117,102,102,97,108,111,32,84,114,97,105,108,34,10,45,32,116,101,120,116,58,32,103,97,109,101,98,101,97,116,32,36,49,49,57,44,54,50,48,46,48,48,10,45,32,116,101,120,116,98,111,120,32,34,112,117,110,107,121,99,109,104,34,10,45,32,116,101,120,116,58,32,105,110,10,45,32,39,116,101,120,116,98,111,120,32,34,83,105,122,122,108,105,110,103,32,75,105,110,103,100,111,109,58,32,66,105,115,111,110,34,39,10,45,32,116,101,120,116,58,32,119,97,122,100,97,110,32,36,49,49,57,44,51,55,53,46,48,48,10,45,32,116,101,120,116,98,111,120,32,34,112,117,110,107,121,99,109,104,34,10,45,32,116,101,120,116,58,32,105,110,10,45,32,39,116,101,120,116,98,111,120,32,34,83,105,122,122,108,105,110,103,32,75,105,110,103,100,111,109,58,32,66,105,115,111,110,34,39,10,45,32,116,101,120,116,58,32,119,97,122,100,97,110,32,36,49,48,50,44,57,49,48,46,54,57,10,45,32,116,101,120,116,98,111,120,32,34,68,111,114,105,115,34,10,45,32,116,101,120,116,58,32,105,110,10,45,32,116,101,120,116,98,111,120,32,34,66,97,110,107,32,82,111,98,98,101,114,115,34,10,45,32,116,101,120,116,58,32,98,101,108,97,116,114,97,32,36,49,48,50,44,50,53,48,46,48,48,10,45,32,116,101,120,116,98,111,120,32,34,83,99,111,116,116,34,10,45,32,116,101,120,116,58,32,105,110,10,45,32,116,101,120,116,98,111,120,32,34,77,97,115,115,105,118,101,32,76,117,99,107,34,10,45,32,116,101,120,116,58,32,101,118,111,112,108,97,121,32,226,130,172,54,56,44,54,48,48,46,48,48,10,45,32,116,101,120,116,98,111,120,32,34,71,117,105,100,111,34,10,45,32,116,101,120,116,58,32,105,110,10,45,32,116,101,120,116,98,111,120,32,34,77,111,114,101,32,77,97,103,105,99,32,65,112,112,108,101,34,10,45,32,116,101,120,116,58,32,51,111,97,107,115,32,36,57,57,44,54,52,54,46,48,48,10,45,32,116,101,120,116,98,111,120,32,34,68,111,98,114,97,103,34,10,45,32,116,101,120,116,58,32,105,110,10,45,32,116,101,120,116,98,111,120,32,34,82,101,116,117,114,110,32,111,102,32,75,111,110,103,32,77,101,103,97,119,97,121,115,34,10,45,32,116,101,120,116,58,32,101,112,105,99,109,101,100,105,97,32,226,130,172,54,53,44,56,50,53,46,48,48,10,45,32,116,101,120,116,98,111,120,32,34,106,111,112,111,34,10,45,32,116,101,120,116,58,32,105,110,10,45,32,116,101,120,116,98,111,120,32,34,77,111,110,111,112,111,108,121,34,10,45,32,116,101,120,116,58,32,101,118,111,108,117,116,105,111,110,32,36,56,54,44,52,57,50,46,48,48,10,45,32,116,101,120,116,98,111,120,32,34,68,97,114,114,121,108,34,10,45,32,116,101,120,116,58,32,105,110,10,45,32,39,116,101,120,116,98,111,120,32,34,83,105,122,122,108,105,110,103,32,75,105,110,103,100,111,109,58,32,66,105,115,111,110,34,39,10,45,32,116,101,120,116,58,32,119,97,122,100,97,110,32,36,49,48,55,44,50,50,48,46,48,48,10,45,32,116,101,120,116,98,111,120,32,34,76,105,115,97,108,101,103,115,34,10,45,32,116,101,120,116,58,32,105,110,10,45,32,116,101,120,116,98,111,120,32,34,69,108,118,105,115,32,70,114,111,103,32,84,82,85,69,87,65,89,83,34,10,45,32,116,101,120,116,58,32,115,111,102,116,115,119,105,115,115,32,226,130,172,54,48,44,51,53,48,46,48,48,10,45,32,116,101,120,116,98,111,120,32,34,65,108,105,115,56,51,34,10,45,32,116,101,120,116,58,32,105,110,10,45,32,116,101,120,116,98,111,120,32,34,69,108,118,105,115,32,70,114,111,103,32,84,82,85,69,87,65,89,83,34,10,45,32,116,101,120,116,58,32,115,111,102,116,115,119,105,115,115,32,36,49,48,48,44,48,48,48,46,48,48,10,45,32,116,101,120,116,98,111,120,32,34,80,101,116,101,34,10,45,32,116,101,120,116,58,32,105,110,10,45,32,116,101,120,116,98,111,120,32,34,76,117,99,107,121,32,71,114,97,99,101,32,97,110,100,32,67,104,97,114,109,34,10,45,32,116,101,120,116,58,32,112,114,97,103,109,97,116,105,99,101,120,116,101,114,110,97,108,32,226,130,172,53,57,44,54,48,48,46,48,48,10,45,32,116,101,120,116,98,111,120,32,34,65,108,105,115,56,51,34,10,45,32,116,101,120,116,58,32,105,110,10,45,32,116,101,120,116,98,111,120,32,34,69,108,118,105,115,32,70,114,111,103,32,84,82,85,69,87,65,89,83,34,10,45,32,116,101,120,116,58,32,115,111,102,116,115,119,105,115,115,32,226,130,172,53,57,44,50,48,48,46,48,48,10,45,32,116,101,120,116,98,111,120,32,34,65,108,105,115,56,51,34,10,45,32,116,101,120,116,58,32,105,110,10,45,32,116,101,120,116,98,111,120,32,34,69,108,118,105,115,32,70,114,111,103,32,84,82,85,69,87,65,89,83,34,10,45,32,116,101,120,116,58,32,115,111,102,116,115,119,105,115,115,32,36,49,48,48,44,49,52,56,46,48,48,10,45,32,116,101,120,116,98,111,120,32,34,84,97,114,97,45,108,101,101,34,10,45,32,116,101,120,116,58,32,105,110,10,45,32,116,101,120,116,98,111,120,32,34,71,97,109,98,97,32,77,97,109,98,97,34,10,45,32,116,101,120,116,58,32,112,111,112,105,112,108,97,121,32,226,130,172,53,55,44,57,48,48,46,48,48,10,45,32,116,101,120,116,98,111,120,32,34,65,108,105,115,56,51,34,10,45,32,116,101,120,116,58,32,105,110,10,45,32,116,101,120,116,98,111,120,32,34,69,108,118,105,115,32,70,114,111,103,32,84,82,85,69,87,65,89,83,34,10,45,32,116,101,120,116,58,32,115,111,102,116,115,119,105,115,115,32,36,56,49,44,56,48,56,46,48,48,10,45,32,116,101,120,116,98,111,120,32,34,86,105,110,99,101,110,122,111,34,10,45,32,116,101,120,116,58,32,105,110,10,45,32,116,101,120,116,98,111,120,32,34,84,104,117,110,100,101,114,115,116,114,117,99,107,32,87,105,108,100,32,76,105,103,104,116,110,105,110,103,34,10,45,32,116,101,120,116,58,32,113,117,105,99,107,102,105,114,101,32,36,55,48,44,48,48,48,46,48,48,10,45,32,116,101,120,116,98,111,120,32,34,110,105,99,111,108,97,115,34,10,45,32,116,101,120,116,58,32,105,110,10,45,32,116,101,120,116,98,111,120,32,34,87,105,108,100,32,67,97,115,104,34,10,45,32,116,101,120,116,58,32,115,111,102,116,115,119,105,115,115,32,36,54,57,44,57,51,48,46,48,48,10,45,32,116,101,120,116,98,111,120,32,34,110,105,99,111,108,97,115,34,10,45,32,116,101,120,116,58,32,105,110,10,45,32,116,101,120,116,98,111,120,32,34,87,105,108,100,32,67,97,115,104,34,10,45,32,116,101,120,116,58,32,115,111,102,116,115,119,105,115,115,32,36,54,57,44,57,51,48,46,48,48,10,45,32,116,101,120,116,98,111,120,32,34,110,105,99,111,108,97,115,34,10,45,32,116,101,120,116,58,32,105,110,10,45,32,116,101,120,116,98,111,120,32,34,87,105,108,100,32,67,97,115,104,34,10,45,32,116,101,120,116,58,32,115,111,102,116,115,119,105,115,115,32,36,54,57,44,57,51,48,46,48,48,10,45,32,116,101,120,116,98,111,120,32,34,110,105,99,111,108,97,115,34,10,45,32,116,101,120,116,58,32,105,110,10,45,32,116,101,120,116,98,111,120,32,34,87,105,108,100,32,67,97,115,104,34,10,45,32,116,101,120,116,58,32,115,111,102,116,115,119,105,115,115,32,36,54,57,44,57,51,48,46,48,48,10,45,32,116,101,120,116,98,111,120,32,34,110,105,99,111,108,97,115,34,10,45,32,116,101,120,116,58,32,105,110,10,45,32,116,101,120,116,98,111,120,32,34,87,105,108,100,32,67,97,115,104,34,10,45,32,116,101,120,116,58,32,115,111,102,116,115,119,105,115,115,32,36,54,57,44,57,51,48,46,48,48,10,45,32,116,101,120,116,98,111,120,32,34,110,105,99,111,108,97,115,34,10,45,32,116,101,120,116,58,32,105,110,10,45,32,116,101,120,116,98,111,120,32,34,87,105,108,100,32,67,97,115,104,34,10,45,32,116,101,120,116,58,32,115,111,102,116,115,119,105,115,115,32,36,55,56,44,52,56,48,46,48,48,10,45,32,116,101,120,116,98,111,120,32,34,84,72,69,78,69,86,77,65,78,34,10,45,32,116,101,120,116,58,32,105,110,10,45,32,116,101,120,116,98,111,120,32,34,77,101,99,104,97,110,105,99,97,108,32,67,108,111,118,101,114,34,10,45,32,116,101,120,116,58,32,115,111,102,116,115,119,105,115,115,32,226,130,172,53,49,44,56,54,48,46,48,48,10,45,32,116,101,120,116,98,111,120,32,34,105,111,97,110,110,105,115,34,10,45,32,116,101,120,116,58,32,105,110,10,45,32,116,101,120,116,98,111,120,32,34,69,108,118,105,115,32,70,114,111,103,32,105,110,32,86,101,103,97,115,34,10,45,32,116,101,120,116,58,32,115,111,102,116,115,119,105,115,115,32,36,54,57,44,57,51,48,46,48,48,10,45,32,116,101,120,116,98,111,120,32,34,110,105,99,111,108,97,115,34,10,45,32,116,101,120,116,58,32,105,110,10,45,32,116,101,120,116,98,111,120,32,34,87,105,108,100,32,67,97,115,104,34,10,45,32,116,101,120,116,58,32,115,111,102,116,115,119,105,115,115,32,36,54,57,44,57,51,48,46,48,48,10,45,32,116,101,120,116,98,111,120,32,34,110,105,99,111,108,97,115,34,10,45,32,116,101,120,116,58,32,105,110,10,45,32,116,101,120,116,98,111,120,32,34,87,105,108,100,32,67,97,115,104,34,10,45,32,116,101,120,116,58,32,115,111,102,116,115,119,105,115,115,32,36,54,57,44,57,51,48,46,48,48,10,45,32,116,101,120,116,98,111,120,32,34,110,105,99,111,108,97,115,34,10,45,32,116,101,120,116,58,32,105,110,10,45,32,116,101,120,116,98,111,120,32,34,87,105,108,100,32,67,97,115,104,34,10,45,32,116,101,120,116,58,32,115,111,102,116,115,119,105,115,115,32,226,130,172,53,48,44,55,53,48,46,48,48,10,45,32,116,101,120,116,98,111,120,32,34,65,108,105,115,56,51,34,10,45,32,116,101,120,116,58,32,105,110,10,45,32,116,101,120,116,98,111,120,32,34,69,108,118,105,115,32,70,114,111,103,32,84,82,85,69,87,65,89,83,34,10,45,32,116,101,120,116,58,32,115,111,102,116,115,119,105,115,115,32,36,56,51,44,48,52,49,46,54,51,10,45,32,116,101,120,116,98,111,120,32,34,97,100,97,109,34,10,45,32,116,101,120,116,58,32,105,110,10,45,32,116,101,120,116,98,111,120,32,34,66,97,110,107,32,82,111,98,98,101,114,115,34,10,45,32,116,101,120,116,58,32,98,101,108,97,116,114,97,32,36,54,53,44,51,49,48,46,48,48,10,45,32,116,101,120,116,98,111,120,32,34,110,105,99,111,108,97,115,34,10,45,32,116,101,120,116,58,32,105,110,10,45,32,116,101,120,116,98,111,120,32,34,87,105,108,100,32,67,97,115,104,34,10,45,32,116,101,120,116,58,32,115,111,102,116,115,119,105,115,115,32,226,130,172,53,48,44,52,53,48,46,48,48,10,45,32,116,101,120,116,98,111,120,32,34,67,108,97,105,114,101,34,10,45,32,116,101,120,116,58,32,105,110,10,45,32,116,101,120,116,98,111,120,32,34,88,88,88,84,114,101,109,101,32,76,105,103,104,116,110,105,110,103,32,82,111,117,108,101,116,116,101,34,10,45,32,116,101,120,116,58,32,101,118,111,108,117,116,105,111,110,32,226,130,172,53,48,44,50,53,48,46,48,48,10,45,32,116,101,120,116,98,111,120,32,34,67,108,97,105,114,101,34,10,45,32,116,101,120,116,58,32,105,110,10,45,32,116,101,120,116,98,111,120,32,34,67,114,97,122,121,32,84,105,109,101,34,10,45,32,116,101,120,116,58,32,101,118,111,108,117,116,105,111,110,32,226,130,172,53,48,44,50,53,48,46,48,48,10,45,32,116,101,120,116,98,111,120,32,34,67,108,97,105,114,101,34,10,45,32,116,101,120,116,58,32,105,110,10,45,32,116,101,120,116,98,111,120,32,34,67,114,97,122,121,32,84,105,109,101,34,10,45,32,116,101,120,116,58,32,101,118,111,108,117,116,105,111,110,32,226,130,172,53,48,44,48,48,48,46,48,48,10,45,32,116,101,120,116,98,111,120,32,34,89,118,111,110,110,101,34,10,45,32,116,101,120,116,58,32,105,110,10,45,32,116,101,120,116,98,111,120,32,34,88,88,88,84,114,101,109,101,32,76,105,103,104,116,110,105,110,103,32,82,111,117,108,101,116,116,101,34,10,45,32,116,101,120,116,58,32,101,118,111,108,117,116,105,111,110,32,36,56,50,44,49,49,55,46,53,48,10,45,32,116,101,120,116,98,111,120,32,34,76,105,115,97,108,101,103,115,34,10,45,32,116,101,120,116,58,32,105,110,10,45,32,116,101,120,116,98,111,120,32,34,69,108,118,105,115,32,70,114,111,103,32,84,82,85,69,87,65,89,83,34,10,45,32,116,101,120,116,58,32,115,111,102,116,115,119,105,115,115,32,36,55,57,44,56,48,48,46,48,48,10,45,32,116,101,120,116,98,111,120,32,34,65,110,116,111,110,121,34,10,45,32,116,101,120,116,58,32,105,110,10,45,32,116,101,120,116,98,111,120,32,34,87,105,108,100,32,67,97,115,104,32,120,57,57,57,48,34,10,45,32,116,101,120,116,58,32,115,111,102,116,115,119,105,115,115,32,36,53,52,44,54,53,56,46,48,48,10,45,32,116,101,120,116,98,111,120,32,34,103,111,112,115,52,117,97,108,108,34,10,45,32,116,101,120,116,58,32,105,110,10,45,32,116,101,120,116,98,111,120,32,34,80,108,97,116,105,110,117,109,32,76,105,103,104,116,110,105,110,103,34,10,45,32,116,101,120,116,58,32,115,111,102,116,115,119,105,115,115,32,36,55,53,44,52,56,52,46,48,48,10,45,32,116,101,120,116,98,111,120,32,34,77,97,116,116,104,101,119,34,10,45,32,116,101,120,116,58,32,105,110,10,45,32,116,101,120,116,98,111,120,32,34,71,111,108,100,32,77,97,110,105,97,34,10,45,32,116,101,120,116,58,32,103,97,109,122,105,120,10,45,32,98,117,116,116,111,110,32,34,71,101,116,32,105,116,32,110,111,119,34,10,45,32,108,105,115,116,58,10,32,32,45,32,104,101,97,100,105,110,103,32,34,72,111,119,32,116,111,32,103,101,116,32,121,111,117,114,32,66,111,110,117,115,32,105,110,32,53,32,69,97,115,121,32,83,116,101,112,115,58,34,32,91,108,101,118,101,108,61,51,93,10,32,32,45,32,108,105,115,116,105,116,101,109,58,32,49,46,32,82,101,103,105,115,116,101,114,32,97,116,32,75,105,110,103,32,66,105,108,108,121,32,98,121,32,112,114,101,115,115,105,110,103,32,116,104,101,32,71,69,84,32,73,84,32,78,79,87,32,98,117,116,116,111,110,46,10,32,32,45,32,108,105,115,116,105,116,101,109,58,32,50,46,32,77,97,107,101,32,121,111,117,114,32,102,105,114,115,116,32,100,101,112,111,115,105,116,32,97,110,100,32,103,114,97,98,32,49,48,48,37,32,66,111,110,117,115,32,43,32,49,48,48,32,70,114,101,101,32,83,112,105,110,115,46,10,32,32,45,32,108,105,115,116,105,116,101,109,58,32,34,51,46,32,77,97,107,101,32,121,111,117,114,32,115,101,99,111,110,100,32,100,101,112,111,115,105,116,32,97,110,100,32,103,114,97,98,32,53,48,37,32,66,111,110,117,115,32,43,32,53,48,32,70,114,101,101,32,83,112,105,110,115,32,40,67,79,68,69,58,32,87,69,76,67,79,77,69,50,41,46,34,10,32,32,45,32,108,105,115,116,105,116,101,109,58,32,34,52,46,32,77,97,107,101,32,121,111,117,114,32,116,104,105,114,100,32,100,101,112,111,115,105,116,32,97,110,100,32,103,114,97,98,32,50,53,37,32,66,111,110,117,115,32,40,67,79,68,69,58,32,87,69,76,67,79,77,69,51,41,46,34,10,32,32,45,32,108,105,115,116,105,116,101,109,58,32,34,53,46,32,77,97,107,101,32,121,111,117,114,32,102,111,117,114,116,104,32,100,101,112,111,115,105,116,32,97,110,100,32,103,114,97,98,32,55,53,37,32,66,111,110,117,115,32,43,32,49,48,48,32,70,114,101,101,32,83,112,105,110,115,32,40,67,79,68,69,58,32,87,69,76,67,79,77,69,52,41,46,34,10,32,32,45,32,116,101,120,116,58,32,85,112,32,102,111,114,32,71,114,97,98,115,32,97,32,109,97,115,115,105,118,101,32,50,53,48,37,32,66,111,110,117,115,32,43,50,53,48,32,70,114,101,101,32,83,112,105,110,115,33,10,32,32,45,32,98,117,116,116,111,110,32,34,71,69,84,32,73,84,32,78,79,87,34,10,45,32,108,105,115,116,58,10,32,32,45,32,104,101,97,100,105,110,103,32,34,66,79,78,85,83,32,84,69,82,77,83,32,38,32,67,79,78,68,73,84,73,79,78,83,34,32,91,108,101,118,101,108,61,51,93,10,32,32,45,32,108,105,115,116,105,116,101,109,58,32,49,46,32,87,97,103,101,114,32,51,48,120,32,40,98,111,110,117,115,32,97,109,111,117,110,116,41,46,10,32,32,45,32,108,105,115,116,105,116,101,109,58,32,50,46,32,77,97,120,32,98,101,116,32,119,105,116,104,32,97,110,32,97,99,116,105,118,101,32,98,111,110,117,115,32,45,32,65,36,55,46,53,46,10,32,32,45,32,108,105,115,116,105,116,101,109,58,32,34,51,46,32,49,115,116,32,68,101,112,111,115,105,116,32,98,111,110,117,115,32,49,48,48,37,32,43,32,49,48,48,32,70,114,101,101,32,83,112,105,110,115,46,32,77,97,120,105,109,117,109,32,98,111,110,117,115,32,97,109,111,117,110,116,58,32,65,36,53,48,48,46,34,10,32,32,45,32,108,105,115,116,105,116,101,109,58,32,34,52,46,32,50,110,100,32,68,101,112,111,115,105,116,32,98,111,110,117,115,32,53,48,37,32,43,32,53,48,32,70,114,101,101,32,83,112,105,110,115,46,32,77,97,120,105,109,117,109,32,98,111,110,117,115,32,97,109,111,117,110,116,58,32,65,36,53,48,48,46,34,10,32,32,45,32,108,105,115,116,105,116,101,109,58,32,34,53,46,32,51,114,100,32,68,101,112,111,115,105,116,32,98,111,110,117,115,32,50,53,37,46,32,77,97,120,105,109,117,109,32,98,111,110,117,115,32,97,109,111,117,110,116,58,32,65,36,49,48,48,48,46,34,10,32,32,45,32,108,105,115,116,105,116,101,109,58,32,34,54,46,32,52,116,104,32,68,101,112,111,115,105,116,32,98,111,110,117,115,32,55,53,37,32,43,32,49,48,48,32,70,114,101,101,32,83,112,105,110,115,46,32,77,97,120,105,109,117,109,32,98,111,110,117,115,32,97,109,111,117,110,116,58,32,65,36,53,48,48,46,34,10,32,32,45,32,108,105,115,116,105,116,101,109,58,32,55,46,32,84,104,101,32,111,102,102,101,114,32,105,115,32,105,110,32,65,36,32,100,111,108,108,97,114,115,46,10,32,32,45,32,108,105,115,116,105,116,101,109,58,32,56,46,32,85,112,111,110,32,102,105,114,115,116,32,97,110,100,32,52,116,104,32,100,101,112,111,115,105,116,115,32,121,111,117,32,103,101,116,32,49,48,48,32,70,114,101,101,32,83,112,105,110,115,32,105,110,32,50,32,112,97,99,107,115,32,111,102,32,53,48,32,70,114,101,101,32,83,112,105,110,115,46,10,32,32,45,32,108,105,115,116,105,116,101,109,58,32,57,46,32,84,104,101,32,102,105,114,115,116,32,112,97,99,107,32,111,102,32,53,48,32,70,114,101,101,32,83,112,105,110,115,32,119,105,108,108,32,98,101,32,103,105,118,101,110,32,97,102,116,101,114,32,119,97,103,101,114,32,120,49,32,111,102,32,121,111,117,114,32,100,101,112,111,115,105,116,46,10,32,32,45,32,108,105,115,116,105,116,101,109,58,32,49,48,46,32,84,104,101,32,115,101,99,111,110,100,32,112,97,99,107,32,111,102,32,53,48,32,70,114,101,101,32,83,112,105,110,115,32,119,105,108,108,32,98,101,32,103,105,118,101,110,32,50,52,32,104,111,117,114,115,32,97,102,116,101,114,32,116,104,101,32,102,105,114,115,116,32,111,110,101,46,10,45,32,99,111,110,116,101,110,116,105,110,102,111,58,10,32,32,45,32,105,109,103,32,34,118,105,115,97,34,10,32,32,45,32,105,109,103,32,34,109,97,115,116,101,114,99,97,114,100,34,10,32,32,45,32,105,109,103,32,34,97,112,112,108,101,95,112,97,121,34,10,32,32,45,32,105,109,103,32,34,110,101,111,115,117,114,102,34,10,32,32,45,32,105,109,103,32,34,99,111,105,110,115,112,97,105,100,34,10,32,32,45,32,105,109,103,32,34,49,56,43,34,10,32,32,45,32,105,109,103,32,34,82,101,115,112,111,110,115,105,98,108,101,32,71,97,109,105,110,103,34,10,32,32,45,32,105,109,103,32,34,73,116,101,99,104,34,10,32,32,45,32,105,109,103,32,34,83,97,102,101,32,83,101,99,117,114,105,116,121,34,10,32,32,45,32,105,109,103,32,34,76,97,112,116,111,112,115,34,10,96,96,96,10,10,35,32,84,101,115,116,32,115,111,117,114,99,101,10,10,96,96,96,116,115,10,32,32,32,54,56,32,124,10,32,32,32,54,57,32,124,32,32,32,32,32,32,32,32,32,99,111,110,115,116,32,112,97,114,97,109,115,32,61,32,110,101,119,32,85,82,76,83,101,97,114,99,104,80,97,114,97,109,115,40,117,114,108,46,115,101,97,114,99,104,41,10,32,32,32,55,48,32,124,10,32,32,32,55,49,32,124,32,32,32,32,32,32,32,32,32,99,111,110,115,116,32,100,101,115,105,114,101,100,80,97,114,97,109,115,32,61,32,91,39,117,116,109,95,115,111,117,114,99,101,39,44,32,39,117,116,109,95,109,101,100,105,117,109,39,44,32,39,117,116,109,95,99,97,109,112,97,105,103,110,39,44,32,39,117,116,109,95,99,111,110,116,101,110,116,39,44,32,39,117,116,109,95,116,101,114,109,39,93,59,10,32,32,32,55,50,32,124,10,32,32,32,55,51,32,124,32,32,32,32,32,32,32,32,32,108,101,116,32,101,120,116,114,97,99,116,101,100,81,117,101,114,121,58,32,115,116,114,105,110,103,91,93,32,61,32,91,93,59,10,32,32,32,55,52,32,124,10,32,32,32,55,53,32,124,32,32,32,32,32,32,32,32,32,100,101,115,105,114,101,100,80,97,114,97,109,115,46,102,111,114,69,97,99,104,40,112,97,114,97,109,101,116,101,114,32,61,62,32,123,10,32,32,32,55,54,32,124,32,32,32,32,32,32,32,32,32,32,32,105,102,32,40,112,97,114,97,109,115,46,104,97,115,40,112,97,114,97,109,101,116,101,114,41,41,32,123,10,32,32,32,55,55,32,124,32,32,32,32,32,32,32,32,32,32,32,32,32,101,120,116,114,97,99,116,101,100,81,117,101,114,121,46,112,117,115,104,40,96,36,123,112,97,114,97,109,101,116,101,114,125,61,36,123,112,97,114,97,109,115,46,103,101,116,40,112,97,114,97,109,101,116,101,114,41,125,96,41,59,10,32,32,32,55,56,32,124,32,32,32,32,32,32,32,32,32,32,32,125,10,32,32,32,55,57,32,124,32,32,32,32,32,32,32,32,32,125,41,10,32,32,32,56,48,32,124,10,32,32,32,56,49,32,124,10,32,32,32,56,50,32,124,32,32,32,32,32,32,32,32,32,99,111,110,115,116,32,98,97,115,101,67,117,114,114,101,110,116,85,114,108,58,115,116,114,105,110,103,32,61,32,96,36,123,117,114,108,46,111,114,105,103,105,110,125,36,123,117,114,108,46,112,97,116,104,110,97,109,101,125,96,10,32,32,32,56,51,32,124,10,32,32,32,56,52,32,124,32,32,32,32,32,32,32,32,32,99,111,110,115,111,108,101,46,108,111,103,40,98,97,115,101,67,117,114,114,101,110,116,85,114,108,41,10,32,32,32,56,53,32,124,10,32,32,32,56,54,32,124,32,32,32,32,32,32,32,32,32,114,101,116,117,114,110,32,98,97,115,101,67,117,114,114,101,110,116,85,114,108,10,32,32,32,56,55,32,124,32,32,32,32,32,125,10,32,32,32,56,56,32,124,10,32,32,32,56,57,32,124,32,32,32,32,32,97,115,121,110,99,32,102,117,110,99,116,105,111,110,32,102,111,114,109,81,117,101,114,121,80,97,114,97,109,101,116,101,114,115,40,112,97,103,101,58,32,80,97,103,101,41,123,10,32,32,32,57,48,32,124,32,32,32,32,32,32,32,99,111,110,115,116,32,102,117,108,108,85,114,108,32,61,32,97,119,97,105,116,32,112,97,103,101,46,117,114,108,40,41,10,32,32,32,57,49,32,124,10,32,32,32,57,50,32,124,32,32,32,32,32,32,32,99,111,110,115,116,32,117,114,108,32,61,32,110,101,119,32,85,82,76,40,102,117,108,108,85,114,108,41,10,32,32,32,57,51,32,124,32,32,32,32,32,32,32,99,111,110,115,116,32,112,97,114,97,109,115,32,61,32,110,101,119,32,85,82,76,83,101,97,114,99,104,80,97,114,97,109,115,40,117,114,108,46,115,101,97,114,99,104,41,10,32,32,32,57,52,32,124,10,32,32,32,57,53,32,124,32,32,32,32,32,32,32,99,111,110,115,116,32,100,101,115,105,114,101,100,80,97,114,97,109,115,32,61,32,91,39,117,116,109,95,115,111,117,114,99,101,39,44,32,39,117,116,109,95,109,101,100,105,117,109,39,44,32,39,117,116,109,95,99,97,109,112,97,105,103,110,39,44,32,39,117,116,109,95,99,111,110,116,101,110,116,39,44,32,39,117,116,109,95,116,101,114,109,39,93,59,10,32,32,32,57,54,32,124,10,32,32,32,57,55,32,124,32,32,32,32,32,32,32,108,101,116,32,101,120,116,114,97,99,116,101,100,81,117,101,114,121,58,32,115,116,114,105,110,103,91,93,32,61,32,91,93,59,10,32,32,32,57,56,32,124,10,32,32,32,57,57,32,124,32,32,32,32,32,32,32,100,101,115,105,114,101,100,80,97,114,97,109,115,46,102,111,114,69,97,99,104,40,112,97,114,97,109,101,116,101,114,32,61,62,32,123,10,32,32,49,48,48,32,124,32,32,32,32,32,32,32,32,32,105,102,32,40,112,97,114,97,109,115,46,104,97,115,40,112,97,114,97,109,101,116,101,114,41,41,32,123,10,32,32,49,48,49,32,124,32,32,32,32,32,32,32,32,32,32,32,101,120,116,114,97,99,116,101,100,81,117,101,114,121,46,112,117,115,104,40,96,36,123,112,97,114,97,109,101,116,101,114,125,61,36,123,112,97,114,97,109,115,46,103,101,116,40,112,97,114,97,109,101,116,101,114,41,125,96,41,59,10,32,32,49,48,50,32,124,32,32,32,32,32,32,32,32,32,125,10,32,32,49,48,51,32,124,32,32,32,32,32,32,32,125,41,10,32,32,49,48,52,32,124,10,32,32,49,48,53,32,124,32,32,32,32,32,32,32,32,32,99,111,110,115,116,32,114,101,99,101,105,118,101,100,80,97,114,97,109,101,116,101,114,115,58,32,115,116,114,105,110,103,32,61,32,101,120,116,114,97,99,116,101,100,81,117,101,114,121,46,106,111,105,110,40,39,38,39,41,59,10,32,32,49,48,54,32,124,10,32,32,49,48,55,32,124,10,32,32,49,48,56,32,124,32,32,32,32,32,32,32,32,32,114,101,116,117,114,110,32,114,101,99,101,105,118,101,100,80,97,114,97,109,101,116,101,114,115,10,32,32,49,48,57,32,124,32,32,32,32,32,125,10,32,32,49,49,48,32,124,10,32,32,49,49,49,32,124,10,32,32,49,49,50,32,124,10,32,32,49,49,51,32,124,32,32,32,32,32,97,115,121,110,99,32,102,117,110,99,116,105,111,110,32,99,111,110,110,101,99,116,84,111,86,112,110,40,108,111,99,97,116,105,111,110,58,32,115,116,114,105,110,103,41,32,123,10,32,32,49,49,52,32,124,32,32,32,32,32,32,32,32,32,99,111,110,115,116,32,118,112,110,67,111,110,116,114,111,108,108,101,114,32,61,32,110,101,119,32,86,112,110,67,111,110,116,114,111,108,108,101,114,40,41,59,10,32,32,49,49,53,32,124,32,32,32,32,32,32,32,32,32,99,111,110,115,116,32,116,105,109,101,111,117,116,32,61,32,51,48,48,48,48,59,10,32,32,49,49,54,32,124,32,32,32,32,32,32,32,32,32,99,111,110,115,116,32,105,110,116,101,114,118,97,108,32,61,32,49,48,48,48,59,10,32,32,49,49,55,32,124,32,32,32,32,32,32,32,32,32,99,111,110,115,116,32,115,116,97,114,116,84,105,109,101,32,61,32,68,97,116,101,46,110,111,119,40,41,59,10,32,32,49,49,56,32,124,10,32,32,49,49,57,32,124,10,32,32,49,50,48,32,124,32,32,32,32,32,32,32,32,32,99,111,110,115,116,32,99,117,114,114,101,110,116,83,116,97,116,117,115,32,61,32,97,119,97,105,116,32,118,112,110,67,111,110,116,114,111,108,108,101,114,46,118,112,110,67,104,101,99,107,83,116,97,116,117,115,40,41,59,10,32,32,49,50,49,32,124,32,32,32,32,32,32,32,32,32,105,102,32,40,99,117,114,114,101,110,116,83,116,97,116,117,115,32,61,61,61,32,96,67,111,110,110,101,99,116,101,100,32,116,111,32,36,123,108,111,99,97,116,105,111,110,125,96,41,32,123,10,32,32,49,50,50,32,124,32,32,32,32,32,32,32,32,32,32,32,32,32,99,111,110,115,111,108,101,46,108,111,103,40,39,67,111,114,114,101,99,116,32,108,111,99,97,116,105,111,110,44,32,112,114,111,99,101,101,100,105,110,103,32,116,111,32,116,104,101,32,116,101,115,116,39,41,59,10,32,32,49,50,51,32,124,32,32,32,32,32,32,32,32,32,125,32,101,108,115,101,32,105,102,32,40,99,117,114,114,101,110,116,83,116,97,116,117,115,32,61,61,61,32,96,78,111,116,32,99,111,110,110,101,99,116,101,100,96,41,32,123,10,32,32,49,50,52,32,124,32,32,32,32,32,32,32,32,32,32,32,32,32,99,111,110,115,111,108,101,46,108,111,103,40,39,67,111,110,110,101,99,116,105,110,103,46,46,46,39,41,59,10,32,32,49,50,53,32,124,32,32,32,32,32,32,32,32,32,32,32,32,32,97,119,97,105,116,32,118,112,110,67,111,110,116,114,111,108,108,101,114,46,118,112,110,67,111,110,110,110,101,99,116,40,108,111,99,97,116,105,111,110,41,59,10,32,32,49,50,54,32,124,32,32,32,32,32,32,32,32,32,125,32,101,108,115,101,32,123,10,32,32,49,50,55,32,124,32,32,32,32,32,32,32,32,32,32,32,32,32,99,111,110,115,111,108,101,46,108,111,103,40,39,67,104,97,110,103,105,110,103,32,108,111,99,97,116,105,111,110,46,46,46,39,41,10,32,32,49,50,56,32,124,32,32,32,32,32,32,32,32,32,32,32,32,32,97,119,97,105,116,32,118,112,110,67,111,110,116,114,111,108,108,101,114,46,118,112,110,68,105,115,99,111,110,110,101,99,116,40,41,59,10,32,32,49,50,57,32,124,32,32,32,32,32,32,32,32,32,32,32,32,32,97,119,97,105,116,32,118,112,110,67,111,110,116,114,111,108,108,101,114,46,115,108,101,101,112,86,80,78,40,53,48,48,48,41,10,32,32,49,51,48,32,124,32,32,32,32,32,32,32,32,32,32,32,32,32,97,119,97,105,116,32,118,112,110,67,111,110,116,114,111,108,108,101,114,46,118,112,110,67,111,110,110,110,101,99,116,40,108,111,99,97,116,105,111,110,41,59,10,32,32,49,51,49,32,124,32,32,32,32,32,32,32,32,32,125,10,32,32,49,51,50,32,124,10,32,32,49,51,51,32,124,32,32,32,32,32,32,32,32,32,100,111,32,123,10,32,32,49,51,52,32,124,32,32,32,32,32,32,32,32,32,32,32,32,32,99,111,110,115,116,32,115,116,97,116,117,115,86,80,78,32,61,32,97,119,97,105,116,32,118,112,110,67,111,110,116,114,111,108,108,101,114,46,118,112,110,67,104,101,99,107,83,116,97,116,117,115,40,41,59,10,32,32,49,51,53,32,124,32,32,32,32,32,32,32,32,32,32,32,32,32,99,111,110,115,111,108,101,46,108,111,103,40,96,67,117,114,114,101,110,116,32,115,116,97,116,117,115,58,32,36,123,115,116,97,116,117,115,86,80,78,125,96,41,59,10,32,32,49,51,54,32,124,32,32,32,32,32,32,32,32,32,32,32,32,32,105,102,32,40,115,116,97,116,117,115,86,80,78,32,61,61,61,32,96,67,111,110,110,101,99,116,101,100,32,116,111,32,36,123,108,111,99,97,116,105,111,110,125,96,41,32,123,10,32,32,49,51,55,32,124,32,32,32,32,32,32,32,32,32,32,32,32,32,32,32,32,32,99,111,110,115,111,108,101,46,108,111,103,40,96,83,117,99,99,101,115,115,102,117,108,108,121,32,99,111,110,110,101,99,116,101,100,32,116,111,32,36,123,108,111,99,97,116,105,111,110,125,96,41,59,10,32,32,49,51,56,32,124,32,32,32,32,32,32,32,32,32,32,32,32,32,32,32,32,32,98,114,101,97,107,59,10,32,32,49,51,57,32,124,32,32,32,32,32,32,32,32,32,32,32,32,32,125,10,32,32,49,52,48,32,124,32,32,32,32,32,32,32,32,32,32,32,32,32,97,119,97,105,116,32,110,101,119,32,80,114,111,109,105,115,101,40,114,101,115,111,108,118,101,32,61,62,32,115,101,116,84,105,109,101,111,117,116,40,114,101,115,111,108,118,101,44,32,105,110,116,101,114,118,97,108,41,41,59,10,32,32,49,52,49,32,124,32,32,32,32,32,32,32,32,32,125,32,119,104,105,108,101,32,40,68,97,116,101,46,110,111,119,40,41,32,45,32,115,116,97,114,116,84,105,109,101,32,60,32,116,105,109,101,111,117,116,41,59,10,32,32,49,52,50,32,124,32,32,32,32,32,125,10,32,32,49,52,51,32,124,10,32,32,49,52,52,32,124,32,116,101,115,116,46,100,101,115,99,114,105,98,101,40,39,83,116,111,112,32,65,47,66,39,44,32,40,41,32,61,62,32,123,10,32,32,49,52,53,32,124,32,32,32,32,32,108,101,116,32,118,112,110,67,111,110,116,114,111,108,108,101,114,58,32,86,112,110,67,111,110,116,114,111,108,108,101,114,10,32,32,49,52,54,32,124,10,32,32,49,52,55,32,124,10,32,32,49,52,56,32,124,32,32,32,32,32,102,111,114,32,40,99,111,110,115,116,32,91,108,105,110,107,44,32,112,114,111,112,115,93,32,111,102,32,79,98,106,101,99,116,46,101,110,116,114,105,101,115,40,108,105,110,107,115,79,98,106,101,99,116,41,41,32,123,10,32,32,49,52,57,32,124,32,32,32,32,32,32,32,32,32,99,111,110,115,116,32,91,117,116,109,44,32,108,111,99,97,116,105,111,110,115,93,32,61,32,79,98,106,101,99,116,46,118,97,108,117,101,115,40,112,114,111,112,115,41,10,32,32,49,53,48,32,124,32,32,32,32,32,32,32,32,32,102,111,114,32,40,99,111,110,115,116,32,108,111,99,97,116,105,111,110,32,111,102,32,108,111,99,97,116,105,111,110,115,41,32,123,10,32,32,49,53,49,32,124,10,32,32,49,53,50,32,124,32,32,32,32,32,32,32,32,32,32,32,32,32,116,101,115,116,40,96,36,123,108,105,110,107,125,32,97,110,100,32,36,123,108,111,99,97,116,105,111,110,125,96,44,32,97,115,121,110,99,32,40,123,112,97,103,101,125,41,32,61,62,32,123,10,32,32,49,53,51,32,124,32,32,32,32,32,32,32,32,32,32,32,32,32,32,32,32,32,97,119,97,105,116,32,99,111,110,110,101,99,116,84,111,86,112,110,40,108,111,99,97,116,105,111,110,41,10,32,32,49,53,52,32,124,32,32,32,32,32,32,32,32,32,32,32,32,32,32,32,32,32,99,111,110,115,111,108,101,46,108,111,103,40,108,111,99,97,116,105,111,110,41,10,32,32,49,53,53,32,124,10,32,32,49,53,54,32,124,32,32,32,32,32,32,32,32,32,32,32,32,32,32,32,32,32,97,119,97,105,116,32,112,97,103,101,46,103,111,116,111,40,108,105,110,107,41,10,32,32,49,53,55,32,124,10,32,32,49,53,56,32,124,32,32,32,32,32,32,32,32,32,32,32,32,32,32,32,32,32,99,111,110,115,116,32,99,117,114,114,101,110,116,84,105,109,101,32,61,32,109,111,109,101,110,116,40,41,46,102,111,114,109,97,116,40,34,100,100,100,100,44,32,77,77,77,77,32,68,111,32,89,89,89,89,44,32,104,58,109,109,58,115,115,32,97,34,41,10,32,32,49,53,57,32,124,32,32,32,32,32,32,32,32,32,32,32,32,32,32,32,32,32,99,111,110,115,116,32,102,105,110,97,108,85,114,108,32,61,32,97,119,97,105,116,32,102,111,114,109,66,97,115,101,76,105,110,107,40,112,97,103,101,41,10,32,32,49,54,48,32,124,32,32,32,32,32,32,32,32,32,32,32,32,32,32,32,32,32,99,111,110,115,116,32,97,99,116,117,97,108,85,116,109,32,61,32,97,119,97,105,116,32,102,111,114,109,81,117,101,114,121,80,97,114,97,109,101,116,101,114,115,40,112,97,103,101,41,10,32,32,49,54,49,32,124,10,32,32,49,54,50,32,124,32,32,32,32,32,32,32,32,32,32,32,32,32,32,32,32,32,113,97,115,101,46,99,111,109,109,101,110,116,40,96,10,32,32,49,54,51,32,124,32,32,32,32,32,32,32,32,32,32,32,32,32,32,32,32,32,32,32,32,32,68,97,116,101,58,32,36,123,99,117,114,114,101,110,116,84,105,109,101,125,92,110,92,110,32,85,82,76,58,32,36,123,102,105,110,97,108,85,114,108,125,92,110,92,110,10,32,32,49,54,52,32,124,32,32,32,32,32,32,32,32,32,32,32,32,32,32,32,32,32,32,32,32,32,10,32,32,49,54,53,32,124,32,32,32,32,32,32,32,32,32,32,32,32,32,32,32,32,32,32,32,32,32,67,117,114,114,101,110,116,32,85,82,76,58,32,36,123,102,105,110,97,108,85,114,108,125,92,110,32,69,120,112,101,99,116,101,100,32,108,105,110,107,115,58,32,92,110,36,123,108,105,110,107,125,92,110,10,32,32,49,54,54,32,124,32,32,32,32,32,32,32,32,32,32,32,32,32,32,32,32,32,32,32,32,32,92,110,92,110,32,69,120,112,101,99,116,101,100,32,112,97,114,97,109,101,116,101,114,115,58,32,36,123,117,116,109,125,92,110,32,82,101,99,101,105,118,101,100,32,112,97,114,97,109,101,116,101,114,115,58,32,36,123,97,99,116,117,97,108,85,116,109,125,32,32,32,32,32,32,10,32,32,49,54,55,32,124,32,32,32,32,32,32,32,32,32,32,32,32,32,32,32,32,32,32,32,32,32,96,41,10,62,32,49,54,56,32,124,32,32,32,32,32,32,32,32,32,32,32,32,32,32,32,32,32,101,120,112,101,99,116,40,102,105,110,97,108,85,114,108,41,46,116,111,69,113,117,97,108,40,108,105,110,107,41,10,32,32,32,32,32,32,124,32,32,32,32,32,32,32,32,32,32,32,32,32,32,32,32,32,32,32,32,32,32,32,32,32,32,32,32,32,32,32,32,32,32,94,32,69,114,114,111,114,58,32,101,120,112,101,99,116,40,114,101,99,101,105,118,101,100,41,46,116,111,69,113,117,97,108,40,101,120,112,101,99,116,101,100,41,32,47,47,32,100,101,101,112,32,101,113,117,97,108,105,116,121,10,32,32,49,54,57,32,124,32,32,32,32,32,32,32,32,32,32,32,32,32,32,32,32,32,101,120,112,101,99,116,40,97,99,116,117,97,108,85,116,109,41,46,116,111,69,113,117,97,108,40,117,116,109,41,10,32,32,49,55,48,32,124,32,32,32,32,32,32,32,32,32,32,32,32,32,125,41,10,32,32,49,55,49,32,124,32,32,32,32,32,32,32,32,32,125,10,32,32,49,55,50,32,124,32,32,32,32,32,125,10,32,32,49,55,51,32,124,10,32,32,49,55,52,32,124,32,125,41,10,96,96,96]},"file_name":"_prompt-0","file_path":null,"mime_type":"text/markdown","size":0,"id":"1dcc8939-ff24-44ef-8894-9e9799279465"},{"content":"","file_name":"trace.zip","file_path":"C:\\Users\\User\\Desktop\\Automation\\ABStop\\test-results\\example-Stop-A-B-https-www-05315-ck-and-Australia---Brisbane-chromium\\trace.zip","mime_type":"application/zip","size":0,"id":"0dcc513c-06dc-46f1-be80-eb6acfaa40cf"}],"author":null,"execution":{"status":"failed","start_time":1743589793.582,"end_time":null,"duration":17521,"stacktrace":"    Error: \u001b[2mexpect(\u001b[22m\u001b[31mreceived\u001b[39m\u001b[2m).\u001b[22mtoEqual\u001b[2m(\u001b[22m\u001b[32mexpected\u001b[39m\u001b[2m) // deep equality\u001b[22m\n    \n    Expected: \u001b[32m\"https://www.kingbillycasino1.com/land/kings_welcome_pack\"\u001b[39m\n    Received: \u001b[31m\"https://www.kingbillycasino1.com/land/\u001b[7men-AU/\u001b[27mkings_welcome_pack\u001b[7m_4\u001b[27m\"\u001b[39m\n        at C:\\Users\\User\\Desktop\\Automation\\ABStop\\tests\\example.spec.ts:168:34\n--- End of stack trace ---\n","thread":"0"},"fields":{},"id":"77b09463-4383-498c-879c-fd2bf7343682","message":"\n                    Date: Wednesday, April 2nd 2025, 1:30:10 pm\n\n URL: https://www.kingbillycasino1.com/land/en-AU/kings_welcome_pack_4\n\n\n                    \n                    Current URL: https://www.kingbillycasino1.com/land/en-AU/kings_welcome_pack_4\n Expected links: \nhttps://www.kingbillycasino1.com/land/kings_welcome_pack\n\n                    \n\n Expected parameters: \n Received parameters: utm_source=kings_welcome_pack&utm_medium=AU&utm_campaign=Welcome_100&utm_content=31_03_25&utm_term=top_winners      \n                    \n\nCompoundError: One or more errors occurred. ---\nError: \u001b[2mexpect(\u001b[22m\u001b[31mreceived\u001b[39m\u001b[2m).\u001b[22mtoEqual\u001b[2m(\u001b[22m\u001b[32mexpected\u001b[39m\u001b[2m) // deep equality\u001b[22m\n\nExpected: \u001b[32m\"https://www.kingbillycasino1.com/land/kings_welcome_pack\"\u001b[39m\nReceived: \u001b[31m\"https://www.kingbillycasino1.com/land/\u001b[7men-AU/\u001b[27mkings_welcome_pack\u001b[7m_4\u001b[27m\"\u001b[39m\n--- End of error message ---\n","muted":false,"params":{},"group_params":{},"relations":{"suite":{"data":[{"title":"chromium","public_id":null},{"title":"example.spec.ts","public_id":null},{"title":"Stop A/B","public_id":null}]}},"run_id":null,"signature":"chromium::example.spec.ts::stop_a::b::https:::/www.kingbillycasino1.com/land/kings_welcome_pack_and_australia_-_brisbane","steps":[],"testops_id":null,"title":"https://www.kingbillycasino1.com/land/kings_welcome_pack and Australia - Brisbane"}
[2025-04-02T10:30:29.291Z] [INFO] qase: [31mTest https://www.kingbillycasino1.com/land/kings_welcome_pack and Canada - Montreal failed[39m
[2025-04-02T10:30:29.292Z] [INFO] qase: [34mSee why this test failed: https://app.qase.io/run/AUTOMATION/dashboard/264?source=logs&status=%5B2%5D&search=https://www.kingbillycasino1.com/land/kings_welcome_pack%20and%20Canada%20-%20Montreal[39m
[2025-04-02T10:30:29.292Z] [DEBUG] qase: Adding test result: {"attachments":[{"content":{"type":"Buffer","data":[35,32,73,110,115,116,114,117,99,116,105,111,110,115,10,10,45,32,70,111,108,108,111,119,105,110,103,32,80,108,97,121,119,114,105,103,104,116,32,116,101,115,116,32,102,97,105,108,101,100,46,10,45,32,69,120,112,108,97,105,110,32,119,104,121,44,32,98,101,32,99,111,110,99,105,115,101,44,32,114,101,115,112,101,99,116,32,80,108,97,121,119,114,105,103,104,116,32,98,101,115,116,32,112,114,97,99,116,105,99,101,115,46,10,45,32,80,114,111,118,105,100,101,32,97,32,115,110,105,112,112,101,116,32,111,102,32,99,111,100,101,32,119,105,116,104,32,116,104,101,32,102,105,120,44,32,105,102,32,112,111,115,115,105,98,108,101,46,10,10,35,32,84,101,115,116,32,105,110,102,111,10,10,45,32,78,97,109,101,58,32,83,116,111,112,32,65,47,66,32,62,62,32,104,116,116,112,115,58,47,47,119,119,119,46,107,105,110,103,98,105,108,108,121,99,97,115,105,110,111,49,46,99,111,109,47,108,97,110,100,47,107,105,110,103,115,95,119,101,108,99,111,109,101,95,112,97,99,107,32,97,110,100,32,67,97,110,97,100,97,32,45,32,77,111,110,116,114,101,97,108,10,45,32,76,111,99,97,116,105,111,110,58,32,67,58,92,85,115,101,114,115,92,85,115,101,114,92,68,101,115,107,116,111,112,92,65,117,116,111,109,97,116,105,111,110,92,65,66,83,116,111,112,92,116,101,115,116,115,92,101,120,97,109,112,108,101,46,115,112,101,99,46,116,115,58,49,53,50,58,49,55,10,10,35,32,69,114,114,111,114,32,100,101,116,97,105,108,115,10,10,96,96,96,10,69,114,114,111,114,58,32,101,120,112,101,99,116,40,114,101,99,101,105,118,101,100,41,46,116,111,69,113,117,97,108,40,101,120,112,101,99,116,101,100,41,32,47,47,32,100,101,101,112,32,101,113,117,97,108,105,116,121,10,10,69,120,112,101,99,116,101,100,58,32,34,104,116,116,112,115,58,47,47,119,119,119,46,107,105,110,103,98,105,108,108,121,99,97,115,105,110,111,49,46,99,111,109,47,108,97,110,100,47,107,105,110,103,115,95,119,101,108,99,111,109,101,95,112,97,99,107,34,10,82,101,99,101,105,118,101,100,58,32,34,104,116,116,112,115,58,47,47,119,119,119,46,107,105,110,103,98,105,108,108,121,99,97,115,105,110,111,49,46,99,111,109,47,108,97,110,100,47,101,110,45,67,65,47,107,105,110,103,115,95,119,101,108,99,111,109,101,95,112,97,99,107,95,52,34,10,32,32,32,32,97,116,32,67,58,92,85,115,101,114,115,92,85,115,101,114,92,68,101,115,107,116,111,112,92,65,117,116,111,109,97,116,105,111,110,92,65,66,83,116,111,112,92,116,101,115,116,115,92,101,120,97,109,112,108,101,46,115,112,101,99,46,116,115,58,49,54,56,58,51,52,10,96,96,96,10,10,35,32,80,97,103,101,32,115,110,97,112,115,104,111,116,10,10,96,96,96,121,97,109,108,10,45,32,98,117,116,116,111,110,32,34,99,97,34,10,45,32,108,105,110,107,32,34,101,110,34,10,45,32,108,105,110,107,32,34,100,101,34,10,45,32,108,105,110,107,32,34,110,122,34,10,45,32,108,105,110,107,32,34,97,117,34,10,45,32,108,105,110,107,32,34,110,111,34,10,45,32,105,109,103,32,34,111,102,102,101,114,34,10,45,32,108,105,110,107,32,34,76,111,103,111,34,58,10,32,32,45,32,105,109,103,32,34,76,111,103,111,34,10,45,32,98,117,116,116,111,110,32,34,71,69,84,32,73,84,32,78,79,87,34,10,45,32,116,101,120,116,58,32,48,49,32,114,101,103,105,115,116,101,114,32,84,111,32,98,101,99,111,109,101,32,97,32,75,105,110,103,100,111,109,32,67,105,116,105,122,101,110,32,48,50,32,100,101,112,111,115,105,116,32,70,114,111,109,32,67,36,51,48,32,115,97,102,101,108,121,32,97,110,100,32,104,97,115,115,108,101,45,102,114,101,101,32,48,51,32,80,108,97,121,32,84,104,111,117,115,97,110,100,115,32,111,102,32,106,97,119,45,100,114,111,112,112,105,110,103,32,103,97,109,101,115,32,77,111,114,101,32,105,110,102,111,32,226,134,147,32,84,111,112,32,87,105,110,110,101,114,115,32,36,51,48,54,44,49,50,48,46,48,48,10,45,32,116,101,120,116,98,111,120,32,34,107,97,114,108,34,10,45,32,116,101,120,116,58,32,105,110,10,45,32,116,101,120,116,98,111,120,32,34,71,111,108,100,32,82,117,115,104,32,119,105,116,104,32,74,111,104,110,110,121,32,67,97,115,104,34,10,45,32,116,101,120,116,58,32,115,111,102,116,115,119,105,115,115,32,36,50,48,52,44,51,57,56,46,56,48,10,45,32,116,101,120,116,98,111,120,32,34,110,111,112,108,34,10,45,32,116,101,120,116,58,32,105,110,10,45,32,116,101,120,116,98,111,120,32,34,68,101,97,100,32,111,114,32,65,108,105,118,101,32,50,34,10,45,32,116,101,120,116,58,32,110,101,116,101,110,116,32,36,49,57,49,44,50,50,48,46,48,48,10,45,32,116,101,120,116,98,111,120,32,34,70,97,100,105,34,10,45,32,116,101,120,116,58,32,105,110,10,45,32,39,116,101,120,116,98,111,120,32,34,80,111,119,101,114,32,111,102,32,71,111,100,115,58,32,72,97,100,101,115,34,39,10,45,32,116,101,120,116,58,32,119,97,122,100,97,110,32,226,130,172,49,48,48,44,55,52,48,46,48,48,10,45,32,116,101,120,116,98,111,120,32,34,105,111,97,110,110,105,115,34,10,45,32,116,101,120,116,58,32,105,110,10,45,32,116,101,120,116,98,111,120,32,34,66,111,111,107,32,111,102,32,68,101,97,100,34,10,45,32,116,101,120,116,58,32,112,108,97,121,110,103,111,32,50,46,55,48,53,57,48,48,48,48,32,66,84,67,10,45,32,116,101,120,116,98,111,120,32,34,80,108,97,121,101,114,34,10,45,32,116,101,120,116,58,32,105,110,10,45,32,116,101,120,116,98,111,120,32,34,71,111,108,100,32,77,97,110,105,97,34,10,45,32,116,101,120,116,58,32,103,97,109,122,105,120,32,36,49,52,48,44,52,49,50,46,48,48,10,45,32,116,101,120,116,98,111,120,32,34,70,97,100,105,34,10,45,32,116,101,120,116,58,32,105,110,10,45,32,116,101,120,116,98,111,120,32,34,71,114,101,116,97,32,71,111,101,115,32,87,105,108,100,34,10,45,32,116,101,120,116,58,32,105,115,111,102,116,98,101,116,32,226,130,172,56,53,44,48,49,55,46,48,48,10,45,32,116,101,120,116,98,111,120,32,34,80,101,116,114,111,115,34,10,45,32,116,101,120,116,58,32,105,110,10,45,32,116,101,120,116,98,111,120,32,34,67,114,97,122,121,32,84,105,109,101,34,10,45,32,116,101,120,116,58,32,101,118,111,108,117,116,105,111,110,32,36,49,51,53,44,48,48,48,46,48,48,10,45,32,116,101,120,116,98,111,120,32,34,75,111,115,107,101,34,10,45,32,116,101,120,116,58,32,105,110,10,45,32,116,101,120,116,98,111,120,32,34,70,108,111,97,116,105,110,103,32,68,114,97,103,111,110,34,10,45,32,116,101,120,116,58,32,112,114,97,103,109,97,116,105,99,101,120,116,101,114,110,97,108,32,50,46,48,52,53,48,48,48,48,48,32,66,84,67,10,45,32,116,101,120,116,98,111,120,32,34,77,105,108,111,34,10,45,32,116,101,120,116,58,32,105,110,10,45,32,116,101,120,116,98,111,120,32,34,65,115,103,97,114,100,105,97,110,32,71,111,100,34,10,45,32,116,101,120,116,58,32,103,97,109,101,98,101,97,116,32,226,130,172,55,53,44,50,53,48,46,48,48,10,45,32,116,101,120,116,98,111,120,32,34,67,108,97,105,114,101,34,10,45,32,116,101,120,116,58,32,105,110,10,45,32,116,101,120,116,98,111,120,32,34,67,114,97,122,121,32,84,105,109,101,34,10,45,32,116,101,120,116,58,32,101,118,111,108,117,116,105,111,110,32,226,130,172,55,51,44,49,51,54,46,48,48,10,45,32,116,101,120,116,98,111,120,32,34,65,108,105,115,56,51,34,10,45,32,116,101,120,116,58,32,105,110,10,45,32,116,101,120,116,98,111,120,32,34,69,108,118,105,115,32,70,114,111,103,32,84,82,85,69,87,65,89,83,34,10,45,32,116,101,120,116,58,32,115,111,102,116,115,119,105,115,115,32,36,49,49,54,44,54,48,50,46,53,48,10,45,32,116,101,120,116,98,111,120,32,34,76,105,115,97,108,101,103,115,34,10,45,32,116,101,120,116,58,32,105,110,10,45,32,116,101,120,116,98,111,120,32,34,66,117,102,102,97,108,111,32,84,114,97,105,108,34,10,45,32,116,101,120,116,58,32,103,97,109,101,98,101,97,116,32,36,49,49,57,44,54,50,48,46,48,48,10,45,32,116,101,120,116,98,111,120,32,34,112,117,110,107,121,99,109,104,34,10,45,32,116,101,120,116,58,32,105,110,10,45,32,39,116,101,120,116,98,111,120,32,34,83,105,122,122,108,105,110,103,32,75,105,110,103,100,111,109,58,32,66,105,115,111,110,34,39,10,45,32,116,101,120,116,58,32,119,97,122,100,97,110,32,36,49,49,57,44,51,55,53,46,48,48,10,45,32,116,101,120,116,98,111,120,32,34,112,117,110,107,121,99,109,104,34,10,45,32,116,101,120,116,58,32,105,110,10,45,32,39,116,101,120,116,98,111,120,32,34,83,105,122,122,108,105,110,103,32,75,105,110,103,100,111,109,58,32,66,105,115,111,110,34,39,10,45,32,116,101,120,116,58,32,119,97,122,100,97,110,32,36,49,48,50,44,57,49,48,46,54,57,10,45,32,116,101,120,116,98,111,120,32,34,68,111,114,105,115,34,10,45,32,116,101,120,116,58,32,105,110,10,45,32,116,101,120,116,98,111,120,32,34,66,97,110,107,32,82,111,98,98,101,114,115,34,10,45,32,116,101,120,116,58,32,98,101,108,97,116,114,97,32,36,49,48,50,44,50,53,48,46,48,48,10,45,32,116,101,120,116,98,111,120,32,34,83,99,111,116,116,34,10,45,32,116,101,120,116,58,32,105,110,10,45,32,116,101,120,116,98,111,120,32,34,77,97,115,115,105,118,101,32,76,117,99,107,34,10,45,32,116,101,120,116,58,32,101,118,111,112,108,97,121,32,226,130,172,54,56,44,54,48,48,46,48,48,10,45,32,116,101,120,116,98,111,120,32,34,71,117,105,100,111,34,10,45,32,116,101,120,116,58,32,105,110,10,45,32,116,101,120,116,98,111,120,32,34,77,111,114,101,32,77,97,103,105,99,32,65,112,112,108,101,34,10,45,32,116,101,120,116,58,32,51,111,97,107,115,32,36,57,57,44,54,52,54,46,48,48,10,45,32,116,101,120,116,98,111,120,32,34,68,111,98,114,97,103,34,10,45,32,116,101,120,116,58,32,105,110,10,45,32,116,101,120,116,98,111,120,32,34,82,101,116,117,114,110,32,111,102,32,75,111,110,103,32,77,101,103,97,119,97,121,115,34,10,45,32,116,101,120,116,58,32,101,112,105,99,109,101,100,105,97,32,226,130,172,54,53,44,56,50,53,46,48,48,10,45,32,116,101,120,116,98,111,120,32,34,106,111,112,111,34,10,45,32,116,101,120,116,58,32,105,110,10,45,32,116,101,120,116,98,111,120,32,34,77,111,110,111,112,111,108,121,34,10,45,32,116,101,120,116,58,32,101,118,111,108,117,116,105,111,110,32,36,56,54,44,52,57,50,46,48,48,10,45,32,116,101,120,116,98,111,120,32,34,68,97,114,114,121,108,34,10,45,32,116,101,120,116,58,32,105,110,10,45,32,39,116,101,120,116,98,111,120,32,34,83,105,122,122,108,105,110,103,32,75,105,110,103,100,111,109,58,32,66,105,115,111,110,34,39,10,45,32,116,101,120,116,58,32,119,97,122,100,97,110,32,36,49,48,55,44,50,50,48,46,48,48,10,45,32,116,101,120,116,98,111,120,32,34,76,105,115,97,108,101,103,115,34,10,45,32,116,101,120,116,58,32,105,110,10,45,32,116,101,120,116,98,111,120,32,34,69,108,118,105,115,32,70,114,111,103,32,84,82,85,69,87,65,89,83,34,10,45,32,116,101,120,116,58,32,115,111,102,116,115,119,105,115,115,32,226,130,172,54,48,44,51,53,48,46,48,48,10,45,32,116,101,120,116,98,111,120,32,34,65,108,105,115,56,51,34,10,45,32,116,101,120,116,58,32,105,110,10,45,32,116,101,120,116,98,111,120,32,34,69,108,118,105,115,32,70,114,111,103,32,84,82,85,69,87,65,89,83,34,10,45,32,116,101,120,116,58,32,115,111,102,116,115,119,105,115,115,32,36,49,48,48,44,48,48,48,46,48,48,10,45,32,116,101,120,116,98,111,120,32,34,80,101,116,101,34,10,45,32,116,101,120,116,58,32,105,110,10,45,32,116,101,120,116,98,111,120,32,34,76,117,99,107,121,32,71,114,97,99,101,32,97,110,100,32,67,104,97,114,109,34,10,45,32,116,101,120,116,58,32,112,114,97,103,109,97,116,105,99,101,120,116,101,114,110,97,108,32,226,130,172,53,57,44,54,48,48,46,48,48,10,45,32,116,101,120,116,98,111,120,32,34,65,108,105,115,56,51,34,10,45,32,116,101,120,116,58,32,105,110,10,45,32,116,101,120,116,98,111,120,32,34,69,108,118,105,115,32,70,114,111,103,32,84,82,85,69,87,65,89,83,34,10,45,32,116,101,120,116,58,32,115,111,102,116,115,119,105,115,115,32,226,130,172,53,57,44,50,48,48,46,48,48,10,45,32,116,101,120,116,98,111,120,32,34,65,108,105,115,56,51,34,10,45,32,116,101,120,116,58,32,105,110,10,45,32,116,101,120,116,98,111,120,32,34,69,108,118,105,115,32,70,114,111,103,32,84,82,85,69,87,65,89,83,34,10,45,32,116,101,120,116,58,32,115,111,102,116,115,119,105,115,115,32,36,49,48,48,44,49,52,56,46,48,48,10,45,32,116,101,120,116,98,111,120,32,34,84,97,114,97,45,108,101,101,34,10,45,32,116,101,120,116,58,32,105,110,10,45,32,116,101,120,116,98,111,120,32,34,71,97,109,98,97,32,77,97,109,98,97,34,10,45,32,116,101,120,116,58,32,112,111,112,105,112,108,97,121,32,226,130,172,53,55,44,57,48,48,46,48,48,10,45,32,116,101,120,116,98,111,120,32,34,65,108,105,115,56,51,34,10,45,32,116,101,120,116,58,32,105,110,10,45,32,116,101,120,116,98,111,120,32,34,69,108,118,105,115,32,70,114,111,103,32,84,82,85,69,87,65,89,83,34,10,45,32,116,101,120,116,58,32,115,111,102,116,115,119,105,115,115,32,36,56,49,44,56,48,56,46,48,48,10,45,32,116,101,120,116,98,111,120,32,34,86,105,110,99,101,110,122,111,34,10,45,32,116,101,120,116,58,32,105,110,10,45,32,116,101,120,116,98,111,120,32,34,84,104,117,110,100,101,114,115,116,114,117,99,107,32,87,105,108,100,32,76,105,103,104,116,110,105,110,103,34,10,45,32,116,101,120,116,58,32,113,117,105,99,107,102,105,114,101,32,36,55,48,44,48,48,48,46,48,48,10,45,32,116,101,120,116,98,111,120,32,34,110,105,99,111,108,97,115,34,10,45,32,116,101,120,116,58,32,105,110,10,45,32,116,101,120,116,98,111,120,32,34,87,105,108,100,32,67,97,115,104,34,10,45,32,116,101,120,116,58,32,115,111,102,116,115,119,105,115,115,32,36,54,57,44,57,51,48,46,48,48,10,45,32,116,101,120,116,98,111,120,32,34,110,105,99,111,108,97,115,34,10,45,32,116,101,120,116,58,32,105,110,10,45,32,116,101,120,116,98,111,120,32,34,87,105,108,100,32,67,97,115,104,34,10,45,32,116,101,120,116,58,32,115,111,102,116,115,119,105,115,115,32,36,54,57,44,57,51,48,46,48,48,10,45,32,116,101,120,116,98,111,120,32,34,110,105,99,111,108,97,115,34,10,45,32,116,101,120,116,58,32,105,110,10,45,32,116,101,120,116,98,111,120,32,34,87,105,108,100,32,67,97,115,104,34,10,45,32,116,101,120,116,58,32,115,111,102,116,115,119,105,115,115,32,36,54,57,44,57,51,48,46,48,48,10,45,32,116,101,120,116,98,111,120,32,34,110,105,99,111,108,97,115,34,10,45,32,116,101,120,116,58,32,105,110,10,45,32,116,101,120,116,98,111,120,32,34,87,105,108,100,32,67,97,115,104,34,10,45,32,116,101,120,116,58,32,115,111,102,116,115,119,105,115,115,32,36,54,57,44,57,51,48,46,48,48,10,45,32,116,101,120,116,98,111,120,32,34,110,105,99,111,108,97,115,34,10,45,32,116,101,120,116,58,32,105,110,10,45,32,116,101,120,116,98,111,120,32,34,87,105,108,100,32,67,97,115,104,34,10,45,32,116,101,120,116,58,32,115,111,102,116,115,119,105,115,115,32,36,54,57,44,57,51,48,46,48,48,10,45,32,116,101,120,116,98,111,120,32,34,110,105,99,111,108,97,115,34,10,45,32,116,101,120,116,58,32,105,110,10,45,32,116,101,120,116,98,111,120,32,34,87,105,108,100,32,67,97,115,104,34,10,45,32,116,101,120,116,58,32,115,111,102,116,115,119,105,115,115,32,36,55,56,44,52,56,48,46,48,48,10,45,32,116,101,120,116,98,111,120,32,34,84,72,69,78,69,86,77,65,78,34,10,45,32,116,101,120,116,58,32,105,110,10,45,32,116,101,120,116,98,111,120,32,34,77,101,99,104,97,110,105,99,97,108,32,67,108,111,118,101,114,34,10,45,32,116,101,120,116,58,32,115,111,102,116,115,119,105,115,115,32,226,130,172,53,49,44,56,54,48,46,48,48,10,45,32,116,101,120,116,98,111,120,32,34,105,111,97,110,110,105,115,34,10,45,32,116,101,120,116,58,32,105,110,10,45,32,116,101,120,116,98,111,120,32,34,69,108,118,105,115,32,70,114,111,103,32,105,110,32,86,101,103,97,115,34,10,45,32,116,101,120,116,58,32,115,111,102,116,115,119,105,115,115,32,36,54,57,44,57,51,48,46,48,48,10,45,32,116,101,120,116,98,111,120,32,34,110,105,99,111,108,97,115,34,10,45,32,116,101,120,116,58,32,105,110,10,45,32,116,101,120,116,98,111,120,32,34,87,105,108,100,32,67,97,115,104,34,10,45,32,116,101,120,116,58,32,115,111,102,116,115,119,105,115,115,32,36,54,57,44,57,51,48,46,48,48,10,45,32,116,101,120,116,98,111,120,32,34,110,105,99,111,108,97,115,34,10,45,32,116,101,120,116,58,32,105,110,10,45,32,116,101,120,116,98,111,120,32,34,87,105,108,100,32,67,97,115,104,34,10,45,32,116,101,120,116,58,32,115,111,102,116,115,119,105,115,115,32,36,54,57,44,57,51,48,46,48,48,10,45,32,116,101,120,116,98,111,120,32,34,110,105,99,111,108,97,115,34,10,45,32,116,101,120,116,58,32,105,110,10,45,32,116,101,120,116,98,111,120,32,34,87,105,108,100,32,67,97,115,104,34,10,45,32,116,101,120,116,58,32,115,111,102,116,115,119,105,115,115,32,226,130,172,53,48,44,55,53,48,46,48,48,10,45,32,116,101,120,116,98,111,120,32,34,65,108,105,115,56,51,34,10,45,32,116,101,120,116,58,32,105,110,10,45,32,116,101,120,116,98,111,120,32,34,69,108,118,105,115,32,70,114,111,103,32,84,82,85,69,87,65,89,83,34,10,45,32,116,101,120,116,58,32,115,111,102,116,115,119,105,115,115,32,36,56,51,44,48,52,49,46,54,51,10,45,32,116,101,120,116,98,111,120,32,34,97,100,97,109,34,10,45,32,116,101,120,116,58,32,105,110,10,45,32,116,101,120,116,98,111,120,32,34,66,97,110,107,32,82,111,98,98,101,114,115,34,10,45,32,116,101,120,116,58,32,98,101,108,97,116,114,97,32,36,54,53,44,51,49,48,46,48,48,10,45,32,116,101,120,116,98,111,120,32,34,110,105,99,111,108,97,115,34,10,45,32,116,101,120,116,58,32,105,110,10,45,32,116,101,120,116,98,111,120,32,34,87,105,108,100,32,67,97,115,104,34,10,45,32,116,101,120,116,58,32,115,111,102,116,115,119,105,115,115,32,226,130,172,53,48,44,52,53,48,46,48,48,10,45,32,116,101,120,116,98,111,120,32,34,67,108,97,105,114,101,34,10,45,32,116,101,120,116,58,32,105,110,10,45,32,116,101,120,116,98,111,120,32,34,88,88,88,84,114,101,109,101,32,76,105,103,104,116,110,105,110,103,32,82,111,117,108,101,116,116,101,34,10,45,32,116,101,120,116,58,32,101,118,111,108,117,116,105,111,110,32,226,130,172,53,48,44,50,53,48,46,48,48,10,45,32,116,101,120,116,98,111,120,32,34,67,108,97,105,114,101,34,10,45,32,116,101,120,116,58,32,105,110,10,45,32,116,101,120,116,98,111,120,32,34,67,114,97,122,121,32,84,105,109,101,34,10,45,32,116,101,120,116,58,32,101,118,111,108,117,116,105,111,110,32,226,130,172,53,48,44,50,53,48,46,48,48,10,45,32,116,101,120,116,98,111,120,32,34,67,108,97,105,114,101,34,10,45,32,116,101,120,116,58,32,105,110,10,45,32,116,101,120,116,98,111,120,32,34,67,114,97,122,121,32,84,105,109,101,34,10,45,32,116,101,120,116,58,32,101,118,111,108,117,116,105,111,110,32,226,130,172,53,48,44,48,48,48,46,48,48,10,45,32,116,101,120,116,98,111,120,32,34,89,118,111,110,110,101,34,10,45,32,116,101,120,116,58,32,105,110,10,45,32,116,101,120,116,98,111,120,32,34,88,88,88,84,114,101,109,101,32,76,105,103,104,116,110,105,110,103,32,82,111,117,108,101,116,116,101,34,10,45,32,116,101,120,116,58,32,101,118,111,108,117,116,105,111,110,32,36,56,50,44,49,49,55,46,53,48,10,45,32,116,101,120,116,98,111,120,32,34,76,105,115,97,108,101,103,115,34,10,45,32,116,101,120,116,58,32,105,110,10,45,32,116,101,120,116,98,111,120,32,34,69,108,118,105,115,32,70,114,111,103,32,84,82,85,69,87,65,89,83,34,10,45,32,116,101,120,116,58,32,115,111,102,116,115,119,105,115,115,32,36,55,57,44,56,48,48,46,48,48,10,45,32,116,101,120,116,98,111,120,32,34,65,110,116,111,110,121,34,10,45,32,116,101,120,116,58,32,105,110,10,45,32,116,101,120,116,98,111,120,32,34,87,105,108,100,32,67,97,115,104,32,120,57,57,57,48,34,10,45,32,116,101,120,116,58,32,115,111,102,116,115,119,105,115,115,32,36,53,52,44,54,53,56,46,48,48,10,45,32,116,101,120,116,98,111,120,32,34,103,111,112,115,52,117,97,108,108,34,10,45,32,116,101,120,116,58,32,105,110,10,45,32,116,101,120,116,98,111,120,32,34,80,108,97,116,105,110,117,109,32,76,105,103,104,116,110,105,110,103,34,10,45,32,116,101,120,116,58,32,115,111,102,116,115,119,105,115,115,32,36,55,53,44,52,56,52,46,48,48,10,45,32,116,101,120,116,98,111,120,32,34,77,97,116,116,104,101,119,34,10,45,32,116,101,120,116,58,32,105,110,10,45,32,116,101,120,116,98,111,120,32,34,71,111,108,100,32,77,97,110,105,97,34,10,45,32,116,101,120,116,58,32,103,97,109,122,105,120,10,45,32,98,117,116,116,111,110,32,34,71,101,116,32,105,116,32,110,111,119,34,10,45,32,108,105,115,116,58,10,32,32,45,32,104,101,97,100,105,110,103,32,34,72,111,119,32,116,111,32,103,101,116,32,121,111,117,114,32,66,111,110,117,115,32,105,110,32,53,32,69,97,115,121,32,83,116,101,112,115,58,34,32,91,108,101,118,101,108,61,51,93,10,32,32,45,32,108,105,115,116,105,116,101,109,58,32,49,46,32,82,101,103,105,115,116,101,114,32,97,116,32,75,105,110,103,32,66,105,108,108,121,32,98,121,32,112,114,101,115,115,105,110,103,32,116,104,101,32,71,69,84,32,73,84,32,78,79,87,32,98,117,116,116,111,110,46,10,32,32,45,32,108,105,115,116,105,116,101,109,58,32,50,46,32,77,97,107,101,32,121,111,117,114,32,102,105,114,115,116,32,100,101,112,111,115,105,116,32,97,110,100,32,103,114,97,98,32,49,48,48,37,32,66,111,110,117,115,32,43,32,49,48,48,32,70,114,101,101,32,83,112,105,110,115,46,10,32,32,45,32,108,105,115,116,105,116,101,109,58,32,34,51,46,32,77,97,107,101,32,121,111,117,114,32,115,101,99,111,110,100,32,100,101,112,111,115,105,116,32,97,110,100,32,103,114,97,98,32,53,48,37,32,66,111,110,117,115,32,43,32,53,48,32,70,114,101,101,32,83,112,105,110,115,32,40,67,79,68,69,58,32,87,69,76,67,79,77,69,50,41,46,34,10,32,32,45,32,108,105,115,116,105,116,101,109,58,32,34,52,46,32,77,97,107,101,32,121,111,117,114,32,116,104,105,114,100,32,100,101,112,111,115,105,116,32,97,110,100,32,103,114,97,98,32,50,53,37,32,66,111,110,117,115,32,40,67,79,68,69,58,32,87,69,76,67,79,77,69,51,41,46,34,10,32,32,45,32,108,105,115,116,105,116,101,109,58,32,34,53,46,32,77,97,107,101,32,121,111,117,114,32,102,111,117,114,116,104,32,100,101,112,111,115,105,116,32,97,110,100,32,103,114,97,98,32,55,53,37,32,66,111,110,117,115,32,43,32,49,48,48,32,70,114,101,101,32,83,112,105,110,115,32,40,67,79,68,69,58,32,87,69,76,67,79,77,69,52,41,46,34,10,32,32,45,32,116,101,120,116,58,32,85,112,32,102,111,114,32,71,114,97,98,115,32,97,32,109,97,115,115,105,118,101,32,50,53,48,37,32,66,111,110,117,115,32,43,50,53,48,32,70,114,101,101,32,83,112,105,110,115,33,10,32,32,45,32,98,117,116,116,111,110,32,34,71,69,84,32,73,84,32,78,79,87,34,10,45,32,108,105,115,116,58,10,32,32,45,32,104,101,97,100,105,110,103,32,34,66,79,78,85,83,32,84,69,82,77,83,32,38,32,67,79,78,68,73,84,73,79,78,83,34,32,91,108,101,118,101,108,61,51,93,10,32,32,45,32,108,105,115,116,105,116,101,109,58,32,49,46,32,87,97,103,101,114,32,51,48,120,32,40,98,111,110,117,115,32,97,109,111,117,110,116,41,46,10,32,32,45,32,108,105,115,116,105,116,101,109,58,32,50,46,32,77,97,120,32,98,101,116,32,119,105,116,104,32,97,110,32,97,99,116,105,118,101,32,98,111,110,117,115,32,45,32,67,36,55,46,53,46,10,32,32,45,32,108,105,115,116,105,116,101,109,58,32,34,51,46,32,49,115,116,32,68,101,112,111,115,105,116,32,98,111,110,117,115,32,49,48,48,37,32,43,32,49,48,48,32,70,114,101,101,32,83,112,105,110,115,46,32,77,97,120,105,109,117,109,32,98,111,110,117,115,32,97,109,111,117,110,116,58,32,67,36,53,48,48,46,34,10,32,32,45,32,108,105,115,116,105,116,101,109,58,32,34,52,46,32,50,110,100,32,68,101,112,111,115,105,116,32,98,111,110,117,115,32,53,48,37,32,43,32,53,48,32,70,114,101,101,32,83,112,105,110,115,46,32,77,97,120,105,109,117,109,32,98,111,110,117,115,32,97,109,111,117,110,116,58,32,67,36,53,48,48,46,34,10,32,32,45,32,108,105,115,116,105,116,101,109,58,32,34,53,46,32,51,114,100,32,68,101,112,111,115,105,116,32,98,111,110,117,115,32,50,53,37,46,32,77,97,120,105,109,117,109,32,98,111,110,117,115,32,97,109,111,117,110,116,58,32,67,36,49,48,48,48,46,34,10,32,32,45,32,108,105,115,116,105,116,101,109,58,32,34,54,46,32,52,116,104,32,68,101,112,111,115,105,116,32,98,111,110,117,115,32,55,53,37,32,43,32,49,48,48,32,70,114,101,101,32,83,112,105,110,115,46,32,77,97,120,105,109,117,109,32,98,111,110,117,115,32,97,109,111,117,110,116,58,32,67,36,53,48,48,46,34,10,32,32,45,32,108,105,115,116,105,116,101,109,58,32,55,46,32,84,104,101,32,111,102,102,101,114,32,105,115,32,105,110,32,67,36,32,100,111,108,108,97,114,115,46,10,32,32,45,32,108,105,115,116,105,116,101,109,58,32,56,46,32,85,112,111,110,32,102,105,114,115,116,32,97,110,100,32,52,116,104,32,100,101,112,111,115,105,116,115,32,121,111,117,32,103,101,116,32,49,48,48,32,70,114,101,101,32,83,112,105,110,115,32,105,110,32,50,32,112,97,99,107,115,32,111,102,32,53,48,32,70,114,101,101,32,83,112,105,110,115,46,10,32,32,45,32,108,105,115,116,105,116,101,109,58,32,57,46,32,84,104,101,32,102,105,114,115,116,32,112,97,99,107,32,111,102,32,53,48,32,70,114,101,101,32,83,112,105,110,115,32,119,105,108,108,32,98,101,32,103,105,118,101,110,32,97,102,116,101,114,32,119,97,103,101,114,32,120,49,32,111,102,32,121,111,117,114,32,100,101,112,111,115,105,116,46,10,32,32,45,32,108,105,115,116,105,116,101,109,58,32,49,48,46,32,84,104,101,32,115,101,99,111,110,100,32,112,97,99,107,32,111,102,32,53,48,32,70,114,101,101,32,83,112,105,110,115,32,119,105,108,108,32,98,101,32,103,105,118,101,110,32,50,52,32,104,111,117,114,115,32,97,102,116,101,114,32,116,104,101,32,102,105,114,115,116,32,111,110,101,46,10,45,32,99,111,110,116,101,110,116,105,110,102,111,58,10,32,32,45,32,105,109,103,32,34,105,110,116,101,114,97,99,34,10,32,32,45,32,105,109,103,32,34,102,108,101,120,101,112,105,110,34,10,32,32,45,32,105,109,103,32,34,99,111,105,110,115,112,97,105,100,34,10,32,32,45,32,105,109,103,32,34,49,56,43,34,10,32,32,45,32,105,109,103,32,34,82,101,115,112,111,110,115,105,98,108,101,32,71,97,109,105,110,103,34,10,32,32,45,32,105,109,103,32,34,73,116,101,99,104,34,10,32,32,45,32,105,109,103,32,34,83,97,102,101,32,83,101,99,117,114,105,116,121,34,10,32,32,45,32,105,109,103,32,34,76,97,112,116,111,112,115,34,10,32,32,45,32,116,101,120,116,58,32,67,111,112,121,114,105,103,104,116,32,194,169,32,50,48,50,52,32,119,119,119,46,107,105,110,103,98,105,108,108,121,99,97,115,105,110,111,46,99,111,109,32,105,115,32,111,119,110,101,100,32,97,110,100,32,111,112,101,114,97,116,101,100,32,98,121,32,68,97,109,97,32,78,46,86,46,32,116,104,97,116,32,105,115,32,105,110,99,111,114,112,111,114,97,116,101,100,32,117,110,100,101,114,32,116,104,101,32,108,97,119,115,32,111,102,32,67,117,114,97,99,97,111,32,119,105,116,104,32,99,111,109,112,97,110,121,32,114,101,103,105,115,116,114,97,116,105,111,110,32,110,117,109,98,101,114,32,49,53,50,49,50,53,32,97,110,100,32,104,97,118,105,110,103,32,105,116,115,32,114,101,103,105,115,116,101,114,101,100,32,97,100,100,114,101,115,115,32,97,116,32,83,99,104,97,114,108,111,111,119,101,103,32,51,57,44,32,87,105,108,108,101,109,115,116,97,100,44,32,67,117,114,97,195,167,97,111,46,32,68,97,109,97,32,78,46,86,46,32,105,115,32,111,112,101,114,97,116,105,110,103,32,117,110,100,101,114,32,69,45,103,97,109,105,110,103,32,108,105,99,101,110,115,101,32,78,111,46,32,79,71,76,47,50,48,50,51,47,49,55,52,47,48,48,56,50,32,105,115,115,117,101,100,32,98,121,32,67,117,114,97,195,167,97,111,32,71,97,109,105,110,103,32,67,111,110,116,114,111,108,32,66,111,97,114,100,46,32,65,108,108,32,112,97,121,109,101,110,116,115,32,119,105,116,104,32,80,97,121,115,97,102,101,32,97,114,101,32,109,97,100,101,32,118,105,97,32,68,97,109,97,32,78,46,86,46,32,73,116,32,105,115,32,116,104,101,32,112,108,97,121,101,114,226,128,153,115,32,115,111,108,101,32,114,101,115,112,111,110,115,105,98,105,108,105,116,121,32,116,111,32,105,110,113,117,105,114,101,32,97,98,111,117,116,32,116,104,101,32,101,120,105,115,116,105,110,103,32,108,97,119,115,32,97,110,100,32,114,101,103,117,108,97,116,105,111,110,115,32,111,102,32,116,104,101,32,103,105,118,101,110,32,106,117,114,105,115,100,105,99,116,105,111,110,32,102,111,114,32,111,110,108,105,110,101,32,103,97,109,98,108,105,110,103,46,10,96,96,96,10,10,35,32,84,101,115,116,32,115,111,117,114,99,101,10,10,96,96,96,116,115,10,32,32,32,54,56,32,124,10,32,32,32,54,57,32,124,32,32,32,32,32,32,32,32,32,99,111,110,115,116,32,112,97,114,97,109,115,32,61,32,110,101,119,32,85,82,76,83,101,97,114,99,104,80,97,114,97,109,115,40,117,114,108,46,115,101,97,114,99,104,41,10,32,32,32,55,48,32,124,10,32,32,32,55,49,32,124,32,32,32,32,32,32,32,32,32,99,111,110,115,116,32,100,101,115,105,114,101,100,80,97,114,97,109,115,32,61,32,91,39,117,116,109,95,115,111,117,114,99,101,39,44,32,39,117,116,109,95,109,101,100,105,117,109,39,44,32,39,117,116,109,95,99,97,109,112,97,105,103,110,39,44,32,39,117,116,109,95,99,111,110,116,101,110,116,39,44,32,39,117,116,109,95,116,101,114,109,39,93,59,10,32,32,32,55,50,32,124,10,32,32,32,55,51,32,124,32,32,32,32,32,32,32,32,32,108,101,116,32,101,120,116,114,97,99,116,101,100,81,117,101,114,121,58,32,115,116,114,105,110,103,91,93,32,61,32,91,93,59,10,32,32,32,55,52,32,124,10,32,32,32,55,53,32,124,32,32,32,32,32,32,32,32,32,100,101,115,105,114,101,100,80,97,114,97,109,115,46,102,111,114,69,97,99,104,40,112,97,114,97,109,101,116,101,114,32,61,62,32,123,10,32,32,32,55,54,32,124,32,32,32,32,32,32,32,32,32,32,32,105,102,32,40,112,97,114,97,109,115,46,104,97,115,40,112,97,114,97,109,101,116,101,114,41,41,32,123,10,32,32,32,55,55,32,124,32,32,32,32,32,32,32,32,32,32,32,32,32,101,120,116,114,97,99,116,101,100,81,117,101,114,121,46,112,117,115,104,40,96,36,123,112,97,114,97,109,101,116,101,114,125,61,36,123,112,97,114,97,109,115,46,103,101,116,40,112,97,114,97,109,101,116,101,114,41,125,96,41,59,10,32,32,32,55,56,32,124,32,32,32,32,32,32,32,32,32,32,32,125,10,32,32,32,55,57,32,124,32,32,32,32,32,32,32,32,32,125,41,10,32,32,32,56,48,32,124,10,32,32,32,56,49,32,124,10,32,32,32,56,50,32,124,32,32,32,32,32,32,32,32,32,99,111,110,115,116,32,98,97,115,101,67,117,114,114,101,110,116,85,114,108,58,115,116,114,105,110,103,32,61,32,96,36,123,117,114,108,46,111,114,105,103,105,110,125,36,123,117,114,108,46,112,97,116,104,110,97,109,101,125,96,10,32,32,32,56,51,32,124,10,32,32,32,56,52,32,124,32,32,32,32,32,32,32,32,32,99,111,110,115,111,108,101,46,108,111,103,40,98,97,115,101,67,117,114,114,101,110,116,85,114,108,41,10,32,32,32,56,53,32,124,10,32,32,32,56,54,32,124,32,32,32,32,32,32,32,32,32,114,101,116,117,114,110,32,98,97,115,101,67,117,114,114,101,110,116,85,114,108,10,32,32,32,56,55,32,124,32,32,32,32,32,125,10,32,32,32,56,56,32,124,10,32,32,32,56,57,32,124,32,32,32,32,32,97,115,121,110,99,32,102,117,110,99,116,105,111,110,32,102,111,114,109,81,117,101,114,121,80,97,114,97,109,101,116,101,114,115,40,112,97,103,101,58,32,80,97,103,101,41,123,10,32,32,32,57,48,32,124,32,32,32,32,32,32,32,99,111,110,115,116,32,102,117,108,108,85,114,108,32,61,32,97,119,97,105,116,32,112,97,103,101,46,117,114,108,40,41,10,32,32,32,57,49,32,124,10,32,32,32,57,50,32,124,32,32,32,32,32,32,32,99,111,110,115,116,32,117,114,108,32,61,32,110,101,119,32,85,82,76,40,102,117,108,108,85,114,108,41,10,32,32,32,57,51,32,124,32,32,32,32,32,32,32,99,111,110,115,116,32,112,97,114,97,109,115,32,61,32,110,101,119,32,85,82,76,83,101,97,114,99,104,80,97,114,97,109,115,40,117,114,108,46,115,101,97,114,99,104,41,10,32,32,32,57,52,32,124,10,32,32,32,57,53,32,124,32,32,32,32,32,32,32,99,111,110,115,116,32,100,101,115,105,114,101,100,80,97,114,97,109,115,32,61,32,91,39,117,116,109,95,115,111,117,114,99,101,39,44,32,39,117,116,109,95,109,101,100,105,117,109,39,44,32,39,117,116,109,95,99,97,109,112,97,105,103,110,39,44,32,39,117,116,109,95,99,111,110,116,101,110,116,39,44,32,39,117,116,109,95,116,101,114,109,39,93,59,10,32,32,32,57,54,32,124,10,32,32,32,57,55,32,124,32,32,32,32,32,32,32,108,101,116,32,101,120,116,114,97,99,116,101,100,81,117,101,114,121,58,32,115,116,114,105,110,103,91,93,32,61,32,91,93,59,10,32,32,32,57,56,32,124,10,32,32,32,57,57,32,124,32,32,32,32,32,32,32,100,101,115,105,114,101,100,80,97,114,97,109,115,46,102,111,114,69,97,99,104,40,112,97,114,97,109,101,116,101,114,32,61,62,32,123,10,32,32,49,48,48,32,124,32,32,32,32,32,32,32,32,32,105,102,32,40,112,97,114,97,109,115,46,104,97,115,40,112,97,114,97,109,101,116,101,114,41,41,32,123,10,32,32,49,48,49,32,124,32,32,32,32,32,32,32,32,32,32,32,101,120,116,114,97,99,116,101,100,81,117,101,114,121,46,112,117,115,104,40,96,36,123,112,97,114,97,109,101,116,101,114,125,61,36,123,112,97,114,97,109,115,46,103,101,116,40,112,97,114,97,109,101,116,101,114,41,125,96,41,59,10,32,32,49,48,50,32,124,32,32,32,32,32,32,32,32,32,125,10,32,32,49,48,51,32,124,32,32,32,32,32,32,32,125,41,10,32,32,49,48,52,32,124,10,32,32,49,48,53,32,124,32,32,32,32,32,32,32,32,32,99,111,110,115,116,32,114,101,99,101,105,118,101,100,80,97,114,97,109,101,116,101,114,115,58,32,115,116,114,105,110,103,32,61,32,101,120,116,114,97,99,116,101,100,81,117,101,114,121,46,106,111,105,110,40,39,38,39,41,59,10,32,32,49,48,54,32,124,10,32,32,49,48,55,32,124,10,32,32,49,48,56,32,124,32,32,32,32,32,32,32,32,32,114,101,116,117,114,110,32,114,101,99,101,105,118,101,100,80,97,114,97,109,101,116,101,114,115,10,32,32,49,48,57,32,124,32,32,32,32,32,125,10,32,32,49,49,48,32,124,10,32,32,49,49,49,32,124,10,32,32,49,49,50,32,124,10,32,32,49,49,51,32,124,32,32,32,32,32,97,115,121,110,99,32,102,117,110,99,116,105,111,110,32,99,111,110,110,101,99,116,84,111,86,112,110,40,108,111,99,97,116,105,111,110,58,32,115,116,114,105,110,103,41,32,123,10,32,32,49,49,52,32,124,32,32,32,32,32,32,32,32,32,99,111,110,115,116,32,118,112,110,67,111,110,116,114,111,108,108,101,114,32,61,32,110,101,119,32,86,112,110,67,111,110,116,114,111,108,108,101,114,40,41,59,10,32,32,49,49,53,32,124,32,32,32,32,32,32,32,32,32,99,111,110,115,116,32,116,105,109,101,111,117,116,32,61,32,51,48,48,48,48,59,10,32,32,49,49,54,32,124,32,32,32,32,32,32,32,32,32,99,111,110,115,116,32,105,110,116,101,114,118,97,108,32,61,32,49,48,48,48,59,10,32,32,49,49,55,32,124,32,32,32,32,32,32,32,32,32,99,111,110,115,116,32,115,116,97,114,116,84,105,109,101,32,61,32,68,97,116,101,46,110,111,119,40,41,59,10,32,32,49,49,56,32,124,10,32,32,49,49,57,32,124,10,32,32,49,50,48,32,124,32,32,32,32,32,32,32,32,32,99,111,110,115,116,32,99,117,114,114,101,110,116,83,116,97,116,117,115,32,61,32,97,119,97,105,116,32,118,112,110,67,111,110,116,114,111,108,108,101,114,46,118,112,110,67,104,101,99,107,83,116,97,116,117,115,40,41,59,10,32,32,49,50,49,32,124,32,32,32,32,32,32,32,32,32,105,102,32,40,99,117,114,114,101,110,116,83,116,97,116,117,115,32,61,61,61,32,96,67,111,110,110,101,99,116,101,100,32,116,111,32,36,123,108,111,99,97,116,105,111,110,125,96,41,32,123,10,32,32,49,50,50,32,124,32,32,32,32,32,32,32,32,32,32,32,32,32,99,111,110,115,111,108,101,46,108,111,103,40,39,67,111,114,114,101,99,116,32,108,111,99,97,116,105,111,110,44,32,112,114,111,99,101,101,100,105,110,103,32,116,111,32,116,104,101,32,116,101,115,116,39,41,59,10,32,32,49,50,51,32,124,32,32,32,32,32,32,32,32,32,125,32,101,108,115,101,32,105,102,32,40,99,117,114,114,101,110,116,83,116,97,116,117,115,32,61,61,61,32,96,78,111,116,32,99,111,110,110,101,99,116,101,100,96,41,32,123,10,32,32,49,50,52,32,124,32,32,32,32,32,32,32,32,32,32,32,32,32,99,111,110,115,111,108,101,46,108,111,103,40,39,67,111,110,110,101,99,116,105,110,103,46,46,46,39,41,59,10,32,32,49,50,53,32,124,32,32,32,32,32,32,32,32,32,32,32,32,32,97,119,97,105,116,32,118,112,110,67,111,110,116,114,111,108,108,101,114,46,118,112,110,67,111,110,110,110,101,99,116,40,108,111,99,97,116,105,111,110,41,59,10,32,32,49,50,54,32,124,32,32,32,32,32,32,32,32,32,125,32,101,108,115,101,32,123,10,32,32,49,50,55,32,124,32,32,32,32,32,32,32,32,32,32,32,32,32,99,111,110,115,111,108,101,46,108,111,103,40,39,67,104,97,110,103,105,110,103,32,108,111,99,97,116,105,111,110,46,46,46,39,41,10,32,32,49,50,56,32,124,32,32,32,32,32,32,32,32,32,32,32,32,32,97,119,97,105,116,32,118,112,110,67,111,110,116,114,111,108,108,101,114,46,118,112,110,68,105,115,99,111,110,110,101,99,116,40,41,59,10,32,32,49,50,57,32,124,32,32,32,32,32,32,32,32,32,32,32,32,32,97,119,97,105,116,32,118,112,110,67,111,110,116,114,111,108,108,101,114,46,115,108,101,101,112,86,80,78,40,53,48,48,48,41,10,32,32,49,51,48,32,124,32,32,32,32,32,32,32,32,32,32,32,32,32,97,119,97,105,116,32,118,112,110,67,111,110,116,114,111,108,108,101,114,46,118,112,110,67,111,110,110,110,101,99,116,40,108,111,99,97,116,105,111,110,41,59,10,32,32,49,51,49,32,124,32,32,32,32,32,32,32,32,32,125,10,32,32,49,51,50,32,124,10,32,32,49,51,51,32,124,32,32,32,32,32,32,32,32,32,100,111,32,123,10,32,32,49,51,52,32,124,32,32,32,32,32,32,32,32,32,32,32,32,32,99,111,110,115,116,32,115,116,97,116,117,115,86,80,78,32,61,32,97,119,97,105,116,32,118,112,110,67,111,110,116,114,111,108,108,101,114,46,118,112,110,67,104,101,99,107,83,116,97,116,117,115,40,41,59,10,32,32,49,51,53,32,124,32,32,32,32,32,32,32,32,32,32,32,32,32,99,111,110,115,111,108,101,46,108,111,103,40,96,67,117,114,114,101,110,116,32,115,116,97,116,117,115,58,32,36,123,115,116,97,116,117,115,86,80,78,125,96,41,59,10,32,32,49,51,54,32,124,32,32,32,32,32,32,32,32,32,32,32,32,32,105,102,32,40,115,116,97,116,117,115,86,80,78,32,61,61,61,32,96,67,111,110,110,101,99,116,101,100,32,116,111,32,36,123,108,111,99,97,116,105,111,110,125,96,41,32,123,10,32,32,49,51,55,32,124,32,32,32,32,32,32,32,32,32,32,32,32,32,32,32,32,32,99,111,110,115,111,108,101,46,108,111,103,40,96,83,117,99,99,101,115,115,102,117,108,108,121,32,99,111,110,110,101,99,116,101,100,32,116,111,32,36,123,108,111,99,97,116,105,111,110,125,96,41,59,10,32,32,49,51,56,32,124,32,32,32,32,32,32,32,32,32,32,32,32,32,32,32,32,32,98,114,101,97,107,59,10,32,32,49,51,57,32,124,32,32,32,32,32,32,32,32,32,32,32,32,32,125,10,32,32,49,52,48,32,124,32,32,32,32,32,32,32,32,32,32,32,32,32,97,119,97,105,116,32,110,101,119,32,80,114,111,109,105,115,101,40,114,101,115,111,108,118,101,32,61,62,32,115,101,116,84,105,109,101,111,117,116,40,114,101,115,111,108,118,101,44,32,105,110,116,101,114,118,97,108,41,41,59,10,32,32,49,52,49,32,124,32,32,32,32,32,32,32,32,32,125,32,119,104,105,108,101,32,40,68,97,116,101,46,110,111,119,40,41,32,45,32,115,116,97,114,116,84,105,109,101,32,60,32,116,105,109,101,111,117,116,41,59,10,32,32,49,52,50,32,124,32,32,32,32,32,125,10,32,32,49,52,51,32,124,10,32,32,49,52,52,32,124,32,116,101,115,116,46,100,101,115,99,114,105,98,101,40,39,83,116,111,112,32,65,47,66,39,44,32,40,41,32,61,62,32,123,10,32,32,49,52,53,32,124,32,32,32,32,32,108,101,116,32,118,112,110,67,111,110,116,114,111,108,108,101,114,58,32,86,112,110,67,111,110,116,114,111,108,108,101,114,10,32,32,49,52,54,32,124,10,32,32,49,52,55,32,124,10,32,32,49,52,56,32,124,32,32,32,32,32,102,111,114,32,40,99,111,110,115,116,32,91,108,105,110,107,44,32,112,114,111,112,115,93,32,111,102,32,79,98,106,101,99,116,46,101,110,116,114,105,101,115,40,108,105,110,107,115,79,98,106,101,99,116,41,41,32,123,10,32,32,49,52,57,32,124,32,32,32,32,32,32,32,32,32,99,111,110,115,116,32,91,117,116,109,44,32,108,111,99,97,116,105,111,110,115,93,32,61,32,79,98,106,101,99,116,46,118,97,108,117,101,115,40,112,114,111,112,115,41,10,32,32,49,53,48,32,124,32,32,32,32,32,32,32,32,32,102,111,114,32,40,99,111,110,115,116,32,108,111,99,97,116,105,111,110,32,111,102,32,108,111,99,97,116,105,111,110,115,41,32,123,10,32,32,49,53,49,32,124,10,32,32,49,53,50,32,124,32,32,32,32,32,32,32,32,32,32,32,32,32,116,101,115,116,40,96,36,123,108,105,110,107,125,32,97,110,100,32,36,123,108,111,99,97,116,105,111,110,125,96,44,32,97,115,121,110,99,32,40,123,112,97,103,101,125,41,32,61,62,32,123,10,32,32,49,53,51,32,124,32,32,32,32,32,32,32,32,32,32,32,32,32,32,32,32,32,97,119,97,105,116,32,99,111,110,110,101,99,116,84,111,86,112,110,40,108,111,99,97,116,105,111,110,41,10,32,32,49,53,52,32,124,32,32,32,32,32,32,32,32,32,32,32,32,32,32,32,32,32,99,111,110,115,111,108,101,46,108,111,103,40,108,111,99,97,116,105,111,110,41,10,32,32,49,53,53,32,124,10,32,32,49,53,54,32,124,32,32,32,32,32,32,32,32,32,32,32,32,32,32,32,32,32,97,119,97,105,116,32,112,97,103,101,46,103,111,116,111,40,108,105,110,107,41,10,32,32,49,53,55,32,124,10,32,32,49,53,56,32,124,32,32,32,32,32,32,32,32,32,32,32,32,32,32,32,32,32,99,111,110,115,116,32,99,117,114,114,101,110,116,84,105,109,101,32,61,32,109,111,109,101,110,116,40,41,46,102,111,114,109,97,116,40,34,100,100,100,100,44,32,77,77,77,77,32,68,111,32,89,89,89,89,44,32,104,58,109,109,58,115,115,32,97,34,41,10,32,32,49,53,57,32,124,32,32,32,32,32,32,32,32,32,32,32,32,32,32,32,32,32,99,111,110,115,116,32,102,105,110,97,108,85,114,108,32,61,32,97,119,97,105,116,32,102,111,114,109,66,97,115,101,76,105,110,107,40,112,97,103,101,41,10,32,32,49,54,48,32,124,32,32,32,32,32,32,32,32,32,32,32,32,32,32,32,32,32,99,111,110,115,116,32,97,99,116,117,97,108,85,116,109,32,61,32,97,119,97,105,116,32,102,111,114,109,81,117,101,114,121,80,97,114,97,109,101,116,101,114,115,40,112,97,103,101,41,10,32,32,49,54,49,32,124,10,32,32,49,54,50,32,124,32,32,32,32,32,32,32,32,32,32,32,32,32,32,32,32,32,113,97,115,101,46,99,111,109,109,101,110,116,40,96,10,32,32,49,54,51,32,124,32,32,32,32,32,32,32,32,32,32,32,32,32,32,32,32,32,32,32,32,32,68,97,116,101,58,32,36,123,99,117,114,114,101,110,116,84,105,109,101,125,92,110,92,110,32,85,82,76,58,32,36,123,102,105,110,97,108,85,114,108,125,92,110,92,110,10,32,32,49,54,52,32,124,32,32,32,32,32,32,32,32,32,32,32,32,32,32,32,32,32,32,32,32,32,10,32,32,49,54,53,32,124,32,32,32,32,32,32,32,32,32,32,32,32,32,32,32,32,32,32,32,32,32,67,117,114,114,101,110,116,32,85,82,76,58,32,36,123,102,105,110,97,108,85,114,108,125,92,110,32,69,120,112,101,99,116,101,100,32,108,105,110,107,115,58,32,92,110,36,123,108,105,110,107,125,92,110,10,32,32,49,54,54,32,124,32,32,32,32,32,32,32,32,32,32,32,32,32,32,32,32,32,32,32,32,32,92,110,92,110,32,69,120,112,101,99,116,101,100,32,112,97,114,97,109,101,116,101,114,115,58,32,36,123,117,116,109,125,92,110,32,82,101,99,101,105,118,101,100,32,112,97,114,97,109,101,116,101,114,115,58,32,36,123,97,99,116,117,97,108,85,116,109,125,32,32,32,32,32,32,10,32,32,49,54,55,32,124,32,32,32,32,32,32,32,32,32,32,32,32,32,32,32,32,32,32,32,32,32,96,41,10,62,32,49,54,56,32,124,32,32,32,32,32,32,32,32,32,32,32,32,32,32,32,32,32,101,120,112,101,99,116,40,102,105,110,97,108,85,114,108,41,46,116,111,69,113,117,97,108,40,108,105,110,107,41,10,32,32,32,32,32,32,124,32,32,32,32,32,32,32,32,32,32,32,32,32,32,32,32,32,32,32,32,32,32,32,32,32,32,32,32,32,32,32,32,32,32,94,32,69,114,114,111,114,58,32,101,120,112,101,99,116,40,114,101,99,101,105,118,101,100,41,46,116,111,69,113,117,97,108,40,101,120,112,101,99,116,101,100,41,32,47,47,32,100,101,101,112,32,101,113,117,97,108,105,116,121,10,32,32,49,54,57,32,124,32,32,32,32,32,32,32,32,32,32,32,32,32,32,32,32,32,101,120,112,101,99,116,40,97,99,116,117,97,108,85,116,109,41,46,116,111,69,113,117,97,108,40,117,116,109,41,10,32,32,49,55,48,32,124,32,32,32,32,32,32,32,32,32,32,32,32,32,125,41,10,32,32,49,55,49,32,124,32,32,32,32,32,32,32,32,32,125,10,32,32,49,55,50,32,124,32,32,32,32,32,125,10,32,32,49,55,51,32,124,10,32,32,49,55,52,32,124,32,125,41,10,96,96,96]},"file_name":"_prompt-0","file_path":null,"mime_type":"text/markdown","size":0,"id":"352da8f1-f890-4238-8585-6d762cc10e3b"},{"content":"","file_name":"trace.zip","file_path":"C:\\Users\\User\\Desktop\\Automation\\ABStop\\test-results\\example-Stop-A-B-https-www-4c386--pack-and-Canada---Montreal-chromium\\trace.zip","mime_type":"application/zip","size":0,"id":"51457359-32fc-456a-aa54-55c85a3a6ea3"}],"author":null,"execution":{"status":"failed","start_time":1743589812.398,"end_time":null,"duration":16505,"stacktrace":"    Error: \u001b[2mexpect(\u001b[22m\u001b[31mreceived\u001b[39m\u001b[2m).\u001b[22mtoEqual\u001b[2m(\u001b[22m\u001b[32mexpected\u001b[39m\u001b[2m) // deep equality\u001b[22m\n    \n    Expected: \u001b[32m\"https://www.kingbillycasino1.com/land/kings_welcome_pack\"\u001b[39m\n    Received: \u001b[31m\"https://www.kingbillycasino1.com/land/\u001b[7men-CA/\u001b[27mkings_welcome_pack\u001b[7m_4\u001b[27m\"\u001b[39m\n        at C:\\Users\\User\\Desktop\\Automation\\ABStop\\tests\\example.spec.ts:168:34\n--- End of stack trace ---\n","thread":"0"},"fields":{},"id":"77f5c9f9-ead6-48d9-8774-f880c63d41af","message":"\n                    Date: Wednesday, April 2nd 2025, 1:30:28 pm\n\n URL: https://www.kingbillycasino1.com/land/en-CA/kings_welcome_pack_4\n\n\n                    \n                    Current URL: https://www.kingbillycasino1.com/land/en-CA/kings_welcome_pack_4\n Expected links: \nhttps://www.kingbillycasino1.com/land/kings_welcome_pack\n\n                    \n\n Expected parameters: \n Received parameters: utm_source=kings_welcome_pack&utm_medium=CA&utm_campaign=Welcome_100&utm_content=31_03_25&utm_term=top_winners      \n                    \n\nCompoundError: One or more errors occurred. ---\nError: \u001b[2mexpect(\u001b[22m\u001b[31mreceived\u001b[39m\u001b[2m).\u001b[22mtoEqual\u001b[2m(\u001b[22m\u001b[32mexpected\u001b[39m\u001b[2m) // deep equality\u001b[22m\n\nExpected: \u001b[32m\"https://www.kingbillycasino1.com/land/kings_welcome_pack\"\u001b[39m\nReceived: \u001b[31m\"https://www.kingbillycasino1.com/land/\u001b[7men-CA/\u001b[27mkings_welcome_pack\u001b[7m_4\u001b[27m\"\u001b[39m\n--- End of error message ---\n","muted":false,"params":{},"group_params":{},"relations":{"suite":{"data":[{"title":"chromium","public_id":null},{"title":"example.spec.ts","public_id":null},{"title":"Stop A/B","public_id":null}]}},"run_id":null,"signature":"chromium::example.spec.ts::stop_a::b::https:::/www.kingbillycasino1.com/land/kings_welcome_pack_and_canada_-_montreal","steps":[],"testops_id":null,"title":"https://www.kingbillycasino1.com/land/kings_welcome_pack and Canada - Montreal"}
[2025-04-02T10:30:36.216Z] [INFO] qase: [31mTest https://www.kingbillycasino1.com/land/kings_welcome_pack and New Zealand failed[39m
[2025-04-02T10:30:36.216Z] [INFO] qase: [34mSee why this test failed: https://app.qase.io/run/AUTOMATION/dashboard/264?source=logs&status=%5B2%5D&search=https://www.kingbillycasino1.com/land/kings_welcome_pack%20and%20New%20Zealand[39m
[2025-04-02T10:30:36.217Z] [DEBUG] qase: Adding test result: {"attachments":[{"content":"","file_name":"trace.zip","file_path":"C:\\Users\\User\\Desktop\\Automation\\ABStop\\test-results\\example-Stop-A-B-https-www-3c3d8-elcome-pack-and-New-Zealand-chromium\\trace.zip","mime_type":"application/zip","size":0,"id":"0ed28bd0-1602-4ac7-a1b7-76b2a8b1b41f"}],"author":null,"execution":{"status":"failed","start_time":1743589830.145,"end_time":null,"duration":5817,"stacktrace":null,"thread":"0"},"fields":{},"id":"4b699eb5-4441-4901-8a1e-b2feb92caea4","message":null,"muted":false,"params":{},"group_params":{},"relations":{"suite":{"data":[{"title":"chromium","public_id":null},{"title":"example.spec.ts","public_id":null},{"title":"Stop A/B","public_id":null}]}},"run_id":null,"signature":"chromium::example.spec.ts::stop_a::b::https:::/www.kingbillycasino1.com/land/kings_welcome_pack_and_new_zealand","steps":[],"testops_id":null,"title":"https://www.kingbillycasino1.com/land/kings_welcome_pack and New Zealand"}
